0,1,2,3,4,5,6,7,8,9,10,11,12,13,14,15,16,17,18,19,20,21,22,23,24,25,26,27,28,29
0.5037296,-0.49457067,1.001714,-0.06389906,-1.8389994,1.4546934,-2.3581502,-0.070162475,-0.011492497,-0.47098845,0.084079914,1.208822,-1.0287839,-1.493505,-1.481521,-2.1193054,1.2946022,1.3153497,-0.14158474,0.6789081,0.1851079,1.1197429,-0.120246395,0.06026235,0.1066786,-0.10088063,1.797483,-0.36806956,-0.84061354,-0.3766421
-0.40078008,0.3953166,-0.12592971,0.19633502,0.29869246,-0.43189788,0.030188084,-0.09642185,0.84455305,-1.0339112,0.21627071,-0.36960566,0.254938,-1.3340789,-2.7792673,-0.2529161,-0.27209067,-0.30165303,-0.7731425,1.3030419,1.9498078,1.7528218,-0.1782062,0.2255302,0.7026595,-0.1659639,0.20545983,0.52774894,-2.3117003,0.2756371
0.9480564,-0.82722193,0.64359224,-0.30967617,-1.3078928,1.1250675,-1.6053718,-0.23523295,-0.5032263,-0.010614974,0.21073483,0.9185671,-0.7407875,-0.73045176,-0.6105345,-1.3382902,0.9250253,0.9552108,0.24412332,0.13639684,-0.9137671,0.41499877,-0.28016624,0.1834798,-0.282298,-0.2550609,1.1150261,-1.0348923,-0.1520536,-0.19793575
1.298566,-1.181642,1.1443555,-0.30403218,-2.0405753,1.7563328,-2.4571617,-0.16830413,-0.544436,-0.18879493,0.1319442,1.489992,-1.253858,-1.2858428,-1.0468296,-2.129639,1.5174267,1.5517027,0.19471715,0.3829361,-1.2428303,0.8074007,-0.22578426,0.099128194,-0.23604973,-0.19454925,1.8243542,-1.377291,-0.34126654,-0.5064421
-0.18286592,0.05926442,1.0297643,0.12543988,-1.8484284,1.2890912,-2.5944166,-0.25069672,0.64551884,-1.3780525,0.30555868,1.0753258,-0.954082,-2.6891513,-3.7592154,-2.5377347,1.2591336,1.2551368,-0.7530234,1.8216965,1.8722675,2.6272025,-0.36145553,0.19897181,0.666896,-0.30955058,2.1706467,0.5932925,-2.787775,-0.058183312
1.1872933,-1.0205802,0.97775555,0.18161574,-1.7676162,1.5107706,-2.1022444,0.008240573,0.5423216,-0.7295446,0.040654153,1.2676897,-1.0653657,-1.2947248,-1.6769923,-1.8292229,1.3028657,1.331752,-0.5616489,0.88376904,0.44377422,1.162949,-0.03656284,0.015100606,0.5101671,-0.01854064,1.5753419,-0.7962614,-1.3839356,-0.3687104
-0.14983547,0.0924474,0.57762766,0.3579092,-0.9097066,0.6199142,-1.3138831,-0.045853518,1.0687165,-1.2356082,0.13851723,0.5286356,-0.50140274,-1.8138491,-2.8691473,-1.3771081,0.6467604,0.6364881,-0.9485984,1.5091579,2.1178017,1.9683988,-0.107727036,0.08305011,0.885865,-0.087088026,1.2078577,0.600899,-2.4642713,-0.0009242296
1.6468619,-1.4917278,1.579507,-0.36837173,-2.872097,2.4336152,-3.4555805,-0.25108284,-0.5286335,-0.36229867,0.22168125,2.060389,-1.7205919,-1.9082363,-1.660999,-3.017758,2.1154313,2.1603897,0.1753958,0.6568424,-1.1583159,1.2871729,-0.32874745,0.17587806,-0.22747657,-0.29174438,2.5891497,-1.5787009,-0.67025524,-0.6010883
-0.3218131,0.19991684,0.83886385,0.45224416,-1.3174187,0.91199267,-1.8491449,-0.048257425,1.2914121,-1.5470811,0.1550022,0.7886411,-0.7403401,-2.3721466,-3.58009,-1.9205568,0.9511836,0.9369217,-1.1505458,1.8988605,2.6954439,2.4954853,-0.12744515,0.07403164,1.0785798,-0.09798887,1.6929241,0.90802026,-3.0225656,-0.032619566
0.010581374,0.0072419643,0.12439573,-0.22857788,-0.46137226,0.18422937,-0.93532753,-0.28612816,-0.1642937,-0.4769709,0.31789774,0.09762728,-0.07720697,-1.2355332,-2.037376,-0.940817,0.18346584,0.17968857,-0.07314488,0.7473396,0.22678053,1.2735056,-0.3850251,0.29715365,0.0046563605,-0.34919018,0.72012746,-0.20270085,-1.3008205,0.16005495
0.8063364,-0.75884444,1.3210342,0.080553114,-2.3653126,1.9119915,-2.9588392,-0.01669287,0.2600204,-0.7629975,0.054647386,1.6082859,-1.3708339,-1.8927076,-1.9557945,-2.6496215,1.7025766,1.7304478,-0.38268608,1.0096494,0.37462798,1.5119922,-0.07659834,0.010800034,0.33832434,-0.054246325,2.2681444,-0.5231858,-1.2510184,-0.4999035
1.4958624,-1.3448243,1.6400312,-0.128356,-2.9703574,2.4738858,-3.6267996,-0.14806788,-0.041210324,-0.6726337,0.17118527,2.0916324,-1.7575763,-2.1236048,-2.0501947,-3.1953306,2.1679127,2.2119417,-0.18323915,0.97259605,-0.48247457,1.5941192,-0.22391452,0.12599747,0.13120444,-0.19560659,2.7369285,-1.2821889,-1.1434326,-0.6280592
-2.0273862,1.7335287,-0.5665817,0.20853755,1.0215622,-1.2022271,0.6998544,-0.2269806,0.99352163,-1.0789973,0.34295133,-1.0538245,0.8259281,-1.4017353,-2.9202595,0.2259717,-0.8897985,-0.9458263,-0.73674244,1.4019487,3.2272296,1.9593155,-0.2846938,0.3144664,0.6852254,-0.28413603,-0.2117616,2.181986,-2.3702774,0.70769745
1.1872933,-1.0205802,0.97775555,0.18161574,-1.7676162,1.5107706,-2.1022444,0.008240573,0.5423216,-0.7295446,0.040654153,1.2676897,-1.0653657,-1.2947248,-1.6769923,-1.8292229,1.3028657,1.331752,-0.5616489,0.88376904,0.44377422,1.162949,-0.03656284,0.015100606,0.5101671,-0.01854064,1.5753419,-0.7962614,-1.3839356,-0.3687104
-1.1928235,1.067096,-0.5295031,-0.19719908,0.8204198,-0.8701956,0.6371484,-0.3477723,0.047991395,-0.25964755,0.4041673,-0.77984643,0.6567273,-0.64222443,-1.4378195,0.3263291,-0.70169413,-0.7281285,-0.009379834,0.47395116,1.3065302,0.87946385,-0.3924583,0.4123694,-0.025214478,-0.39457127,-0.31413054,1.0207269,-0.9198581,0.63561803
0.79427665,-0.7552877,1.3751363,0.09736152,-2.4572732,1.9831464,-3.0713222,-0.012864718,0.29736456,-0.8085693,0.053391203,1.6693002,-1.4238265,-1.9810951,-2.0480578,-2.7557268,1.7700756,1.7982863,-0.41399822,1.0653427,0.46772754,1.5870432,-0.074039735,0.0065433346,0.36840093,-0.0510951,2.3623502,-0.48110092,-1.3222843,-0.5121603
1.7677788,-1.6462005,1.8465574,-0.04298506,-3.0856311,2.6805727,-3.6137545,-0.08994958,-0.04577529,-0.82474697,0.06347549,2.3232388,-1.9887048,-2.2785027,-2.1687083,-3.208984,2.380553,2.421558,-0.25847772,1.1373799,-0.5660453,1.7562425,-0.16061018,-0.035414137,0.19918199,-0.114023335,2.8197567,-1.4544868,-1.2421203,-0.7269847
1.1872933,-1.0205802,0.97775555,0.18161574,-1.7676162,1.5107706,-2.1022444,0.008240573,0.5423216,-0.7295446,0.040654153,1.2676897,-1.0653657,-1.2947248,-1.6769923,-1.8292229,1.3028657,1.331752,-0.5616489,0.88376904,0.44377422,1.162949,-0.03656284,0.015100606,0.5101671,-0.01854064,1.5753419,-0.7962614,-1.3839356,-0.3687104
0.106036484,-0.15450794,0.84417,0.17712131,-1.5156976,1.099809,-2.0832188,-0.14916442,0.6389621,-1.1420175,0.19455747,0.91103446,-0.8003456,-2.0947795,-2.9849043,-2.0033765,1.0420098,1.0426128,-0.69856834,1.4755989,1.465138,2.0781667,-0.23554567,0.10722332,0.6259136,-0.19323386,1.7128502,0.23318022,-2.2900043,-0.09807515
0.35577375,-0.322694,0.4468157,-0.096022,-0.8254065,0.6760014,-1.0924962,-0.054763056,-0.13942394,-0.15064664,0.05801697,0.5501866,-0.4688558,-0.6459475,-0.6002201,-0.9681808,0.5769731,0.5919932,0.011212167,0.2437334,-0.21581429,0.4489732,-0.08165074,0.053011704,-0.032688458,-0.07200899,0.8062141,-0.36027354,-0.27132854,-0.21067189
0.18756735,-0.1775477,0.6831969,0.40006492,-1.0597149,0.7618922,-1.4690027,-0.029680772,1.1886129,-1.4146702,0.13752638,0.6635691,-0.6221478,-1.9877225,-3.2943478,-1.5311277,0.77925414,0.77070916,-1.1052529,1.7213744,2.1209285,2.222299,-0.10668878,0.08825151,1.0293491,-0.0815056,1.3461348,0.28713334,-2.8586192,-0.070004106
1.1872933,-1.0205802,0.97775555,0.18161574,-1.7676162,1.5107706,-2.1022444,0.008240573,0.5423216,-0.7295446,0.040654153,1.2676897,-1.0653657,-1.2947248,-1.6769923,-1.8292229,1.3028657,1.331752,-0.5616489,0.88376904,0.44377422,1.162949,-0.03656284,0.015100606,0.5101671,-0.01854064,1.5753419,-0.7962614,-1.3839356,-0.3687104
-0.2620507,0.119333744,1.0895635,0.41577905,-1.7502509,1.2721044,-2.3440645,-0.11836921,1.3650119,-1.6743644,0.23382676,1.0972849,-1.00035,-2.7485445,-3.8648844,-2.3613145,1.2774215,1.2665262,-1.1782818,2.080584,3.0745206,2.789271,-0.18916199,0.13697483,1.1007184,-0.16486341,2.0902996,1.0558308,-3.1734028,-0.056687444
0.81258696,-0.76766855,1.3661051,0.088715,-2.4483843,1.9748633,-3.063962,-0.017881377,0.2843703,-0.8000028,0.058020268,1.6611527,-1.4157623,-1.9693997,-2.045132,-2.7462187,1.760767,1.7890898,-0.4059903,1.0570756,0.4258974,1.5792348,-0.07982011,0.012260977,0.36016634,-0.05677443,2.3513088,-0.5130572,-1.3166338,-0.51113373
1.9224545,-1.6923103,1.693968,-0.3420955,-3.0954914,2.6362793,-3.7183378,-0.2451364,-0.38499054,-0.41908947,0.25216392,2.2322307,-1.8566056,-1.987673,-1.7287241,-3.2349439,2.279261,2.3327742,0.09540198,0.7151305,-1.237975,1.3538336,-0.3249652,0.22332346,-0.14659326,-0.2969874,2.7701368,-1.8168559,-0.75653553,-0.6713564
0.708503,-0.59693456,0.3986493,-0.19360317,-0.90431494,0.7793491,-1.1326008,-0.17233047,-0.31817356,-0.005508581,0.1572278,0.61269915,-0.4780209,-0.45520127,-0.43385598,-0.91386044,0.61153346,0.636928,0.14407288,0.08310172,-0.6484112,0.25370795,-0.20644812,0.13126726,-0.17666219,-0.18563189,0.74159217,-0.78811836,-0.15904185,-0.099163435
-0.10437554,0.049853504,0.56154716,-0.009490479,-0.9134003,0.593325,-1.428481,-0.12576279,0.20905736,-0.7728971,0.16920018,0.50133836,-0.48317754,-1.6530269,-2.2578604,-1.461072,0.6127385,0.6066783,-0.3590365,1.055868,0.6698917,1.5985488,-0.20861076,0.13060673,0.3083185,-0.17920437,1.2301737,0.09837818,-1.5452051,-0.1515049
-0.19763088,0.060564995,0.98472345,0.24546033,-1.557851,1.1113745,-2.146072,-0.13995814,0.8428219,-1.4224782,0.21248722,0.9621227,-0.89195037,-2.5244238,-3.582693,-2.1828947,1.1310287,1.1185721,-0.89147127,1.8168643,2.1853182,2.5209012,-0.2337898,0.1186112,0.810179,-0.19184053,1.9194661,0.6624646,-2.8081055,-0.111673355
1.0299757,-0.92262036,1.2313352,-0.07139274,-2.2926588,1.8637468,-2.8761277,-0.059900053,-0.034981083,-0.5026535,0.082716204,1.5539626,-1.306036,-1.6090016,-1.5592662,-2.5224266,1.6255556,1.6592216,-0.1491015,0.7214215,-0.30402863,1.1869054,-0.123898916,0.059262354,0.10785502,-0.10145455,2.1290216,-0.8981507,-0.8542536,-0.5231251
1.1872933,-1.0205802,0.97775555,0.18161574,-1.7676162,1.5107706,-2.1022444,0.008240573,0.5423216,-0.7295446,0.040654153,1.2676897,-1.0653657,-1.2947248,-1.6769923,-1.8292229,1.3028657,1.331752,-0.5616489,0.88376904,0.44377422,1.162949,-0.03656284,0.015100606,0.5101671,-0.01854064,1.5753419,-0.7962614,-1.3839356,-0.3687104
0.63410187,-0.571395,0.6755477,-0.21172959,-1.357916,1.1093842,-1.7274203,-0.211249,-0.26561594,-0.21567097,0.2039138,0.90059054,-0.736506,-0.9893791,-1.0203242,-1.4911777,0.938782,0.962851,0.06974601,0.37835932,-0.3274681,0.7139151,-0.25850937,0.16828282,-0.11023399,-0.23463412,1.2460338,-0.6032781,-0.510956,-0.17550912
1.7677788,-1.6462005,1.8465574,-0.04298506,-3.0856311,2.6805727,-3.6137545,-0.08994958,-0.04577529,-0.82474697,0.06347549,2.3232388,-1.9887048,-2.2785027,-2.1687083,-3.208984,2.380553,2.421558,-0.25847772,1.1373799,-0.5660453,1.7562425,-0.16061018,-0.035414137,0.19918199,-0.114023335,2.8197567,-1.4544868,-1.2421203,-0.7269847
0.2610572,-0.2265001,0.59037185,0.32136238,-0.97746456,0.7161951,-1.342268,-0.045248725,1.0157884,-1.1785794,0.13649046,0.605646,-0.5504996,-1.6836419,-2.7879753,-1.3551545,0.6989899,0.69644326,-0.9273593,1.4387262,1.7532165,1.8718132,-0.1066927,0.0970011,0.8616706,-0.08752662,1.1787922,0.15698576,-2.4057274,-0.057041943
0.86028033,-0.7674779,0.7756692,-0.23734628,-1.5244025,1.2719196,-1.8985596,-0.20378211,-0.3291041,-0.1907265,0.18989505,1.0438329,-0.8562017,-1.0202801,-0.9882724,-1.6278102,1.0749195,1.1032217,0.106222846,0.355755,-0.5697725,0.7028675,-0.25381163,0.15742514,-0.14707792,-0.22832596,1.3665774,-0.8570235,-0.45242146,-0.24636409
-0.18092561,0.108931124,0.67210364,0.39681888,-1.0365647,0.709007,-1.4825504,-0.04543667,1.1760244,-1.3877181,0.14965865,0.6144012,-0.5855607,-2.0513508,-3.229381,-1.5652225,0.74965256,0.7366537,-1.0533938,1.6981337,2.389867,2.2179306,-0.11927594,0.08740903,0.9835156,-0.09420316,1.3795835,0.68186015,-2.7677088,-0.014558852
1.0056114,-0.9355315,1.2348601,-0.06717142,-2.184894,1.825475,-2.6763425,-0.06505186,-0.06630723,-0.50653744,0.06554559,1.5435767,-1.3109149,-1.6037229,-1.5246369,-2.3728273,1.6059391,1.63594,-0.1319373,0.7276395,-0.2957835,1.1898005,-0.121277414,0.024968723,0.09236507,-0.09528457,2.0383632,-0.84301615,-0.83083063,-0.5079825
-0.3764258,0.19406486,1.2646726,0.49229878,-2.1194916,1.530552,-2.8618972,-0.08306546,1.3424563,-1.814452,0.178835,1.3029708,-1.1717756,-3.0429688,-4.157188,-2.8196206,1.5078769,1.5016139,-1.2403948,2.2589984,2.9003465,3.0384269,-0.16907106,0.051395927,1.1627356,-0.13009258,2.458776,1.1084182,-3.2924998,-0.13142672
0.8123288,-0.7666978,1.3597475,0.08819253,-2.4378002,1.9659915,-3.0524824,-0.018841596,0.28352827,-0.79994,0.058946066,1.6534702,-1.409241,-1.963755,-2.043851,-2.7355576,1.7525201,1.780804,-0.4059954,1.0568768,0.42082924,1.5780782,-0.08085164,0.01291796,0.36006737,-0.057748616,2.3414526,-0.51512295,-1.3162974,-0.5090568
1.1236039,-0.9483528,0.6325877,-0.3636245,-1.2738351,1.0943856,-1.6065992,-0.16383354,-0.6366571,0.11355565,0.14523688,0.894475,-0.7277269,-0.58504677,-0.36953035,-1.3268375,0.8877326,0.92191106,0.3416143,-0.0067720246,-1.5180149,0.25579488,-0.21336801,0.15408428,-0.36872205,-0.19606371,1.0785487,-1.355135,0.13133757,-0.37331778
-0.69169927,0.4973058,0.8439852,0.5174688,-1.3171138,0.8520006,-1.9137971,-0.049863484,1.4400098,-1.7389773,0.169808,0.7360288,-0.7073201,-2.6450381,-3.988204,-2.0358691,0.9316307,0.90953445,-1.2861131,2.1354165,3.2991276,2.8102627,-0.12808342,0.07968918,1.2104354,-0.10060493,1.7953132,1.3556868,-3.3387368,0.03804326
1.1872933,-1.0205802,0.97775555,0.18161574,-1.7676162,1.5107706,-2.1022444,0.008240573,0.5423216,-0.7295446,0.040654153,1.2676897,-1.0653657,-1.2947248,-1.6769923,-1.8292229,1.3028657,1.331752,-0.5616489,0.88376904,0.44377422,1.162949,-0.03656284,0.015100606,0.5101671,-0.01854064,1.5753419,-0.7962614,-1.3839356,-0.3687104
0.6400928,-0.58199894,0.8718387,0.040478718,-1.5930325,1.3020095,-2.0127027,-0.029336005,0.15658973,-0.49716058,0.053327154,1.0829933,-0.91765404,-1.2267773,-1.2841738,-1.7765577,1.1360159,1.1599451,-0.24900644,0.6564068,0.11915381,0.9793536,-0.073116355,0.019074103,0.21463923,-0.055607773,1.5060271,-0.45131034,-0.8243572,-0.343022
1.7677788,-1.6462005,1.8465574,-0.04298506,-3.0856311,2.6805727,-3.6137545,-0.08994958,-0.04577529,-0.82474697,0.06347549,2.3232388,-1.9887048,-2.2785027,-2.1687083,-3.208984,2.380553,2.421558,-0.25847772,1.1373799,-0.5660453,1.7562425,-0.16061018,-0.035414137,0.19918199,-0.114023335,2.8197567,-1.4544868,-1.2421203,-0.7269847
1.0226667,-0.9253808,0.9331889,-0.2798129,-1.7491403,1.4928836,-2.1084685,-0.24515694,-0.37613723,-0.19884636,0.23165266,1.2470064,-1.0313731,-1.1493449,-1.0508835,-1.8202204,1.277976,1.3081822,0.13149212,0.3765448,-0.52106047,0.75651354,-0.2955524,0.1940513,-0.17838688,-0.26843977,1.5590694,-0.93832594,-0.48228604,-0.2687162
2.2174704,-1.9698648,1.6546104,-0.47592846,-2.9091766,2.5803282,-3.3728783,-0.25778034,-0.7948801,-0.16183765,0.20668069,2.2139354,-1.8504168,-1.6708115,-1.2074997,-2.905555,2.2210677,2.2748954,0.3576261,0.4203545,-1.9946183,0.990478,-0.33071432,0.16903986,-0.40588522,-0.29335383,2.5172203,-2.229526,-0.25012624,-0.719508
1.0299757,-0.92262036,1.2313352,-0.07139274,-2.2926588,1.8637468,-2.8761277,-0.059900053,-0.034981083,-0.5026535,0.082716204,1.5539626,-1.306036,-1.6090016,-1.5592662,-2.5224266,1.6255556,1.6592216,-0.1491015,0.7214215,-0.30402863,1.1869054,-0.123898916,0.059262354,0.10785502,-0.10145455,2.1290216,-0.8981507,-0.8542536,-0.5231251
-0.32627255,0.15957886,1.1847597,0.47643185,-1.841954,1.3341463,-2.4690976,-0.10115602,1.48971,-1.851093,0.22751735,1.1666937,-1.078682,-2.9942858,-4.2200403,-2.5210688,1.3647087,1.3492497,-1.3083327,2.2915266,3.3507545,3.0526135,-0.18026543,0.12306765,1.2240126,-0.152638,2.2442641,1.1766305,-3.4835544,-0.078011274
-0.6066138,0.58197355,-0.24867678,0.008556902,0.39710796,-0.48421955,0.18729806,-0.2502832,0.46691102,-0.6292369,0.34012356,-0.4352659,0.35130084,-0.9519254,-1.9797609,-0.05567479,-0.35917294,-0.38148808,-0.39162782,0.8595829,1.5361516,1.277375,-0.31005508,0.33720076,0.34035558,-0.3062796,0.028299332,0.57045084,-1.5162153,0.45524752
0.8144233,-0.7292553,0.78495336,-0.23304754,-1.5609921,1.2959764,-1.95075,-0.20102388,-0.3266942,-0.17442961,0.184487,1.0598111,-0.86636513,-1.019443,-0.9662435,-1.6701863,1.0940421,1.1238885,0.117569745,0.33617136,-0.5629725,0.6786523,-0.25054547,0.14973618,-0.15684688,-0.2242059,1.3997033,-0.7724837,-0.43349448,-0.24325322
-0.1749115,0.060391307,0.7415805,-0.027121324,-1.1753448,0.8020178,-1.7033129,-0.26832756,0.33009055,-1.0426829,0.31075138,0.6924331,-0.6543174,-2.1254005,-2.9865189,-1.7567663,0.8362549,0.8226329,-0.4931407,1.4085907,1.5252919,2.0800047,-0.36017928,0.23206618,0.4157723,-0.31781647,1.5313069,0.459275,-2.181858,-0.03334576
1.7677788,-1.6462005,1.8465574,-0.04298506,-3.0856311,2.6805727,-3.6137545,-0.08994958,-0.04577529,-0.82474697,0.06347549,2.3232388,-1.9887048,-2.2785027,-2.1687083,-3.208984,2.380553,2.421558,-0.25847772,1.1373799,-0.5660453,1.7562425,-0.16061018,-0.035414137,0.19918199,-0.114023335,2.8197567,-1.4544868,-1.2421203,-0.7269847
0.7087363,-0.6505781,1.0552558,0.26069593,-1.8639057,1.5421333,-2.2614963,0.0063699447,0.72709334,-0.87158567,0.0588343,1.2971449,-1.1045325,-1.5687704,-1.9183447,-2.0284252,1.3703332,1.3921098,-0.66995466,1.0543597,1.055361,1.3857034,-0.032326076,0.017476154,0.621848,-0.019331146,1.7645378,-0.20775676,-1.5876161,-0.31612378
0.66061413,-0.61996615,0.99039006,0.06836656,-1.80745,1.4957492,-2.2097952,-0.08309299,0.37641597,-0.6138264,0.12177071,1.2488493,-1.050011,-1.4245818,-1.5593235,-1.9607246,1.3125925,1.3382012,-0.35694003,0.79543203,0.64604264,1.148589,-0.12272509,0.077874504,0.31487244,-0.10710961,1.693492,-0.24032137,-1.1429403,-0.27576298
0.5553043,-0.5703994,1.4464259,0.14073093,-2.661735,2.0926204,-3.3730476,-0.026240854,0.43797386,-0.94735545,0.073166065,1.7447957,-1.4791588,-2.2571573,-2.4419687,-3.0424,1.8779615,1.9041183,-0.50963026,1.247981,0.9377928,1.8516766,-0.09267449,0.016773297,0.46031058,-0.06774268,2.5981083,-0.15722223,-1.632135,-0.4608308
0.821616,-0.7252774,0.8763945,0.16215125,-1.5873762,1.3377854,-1.9171925,-0.004471865,0.48603287,-0.6362218,0.04876807,1.1167861,-0.94046265,-1.2065477,-1.4503336,-1.679544,1.1606059,1.184699,-0.46993956,0.77538466,0.573052,1.0342344,-0.041491613,0.01573773,0.42691118,-0.026608933,1.4479977,-0.45348495,-1.1770915,-0.293378
-0.748837,0.7316333,-0.78512615,-0.48552185,1.2077291,-1.1432893,1.1195979,-0.44198418,-0.5858246,0.17988491,0.4534887,-1.0257971,0.8821198,-0.10379672,-0.7244821,0.83927345,-1.000014,-1.0223095,0.42293197,-0.012994081,-0.01567936,0.32384908,-0.4945219,0.4736311,-0.4526384,-0.4870747,-0.7926384,0.22044629,-0.15863569,0.5892426
-0.37638164,0.28180993,0.31583512,-0.12870046,-0.4146936,0.18198037,-0.8288226,-0.16862917,-0.029039666,-0.5603029,0.19630295,0.16365361,-0.21073312,-1.3628476,-1.8881443,-0.96787024,0.26796883,0.2522962,-0.17038715,0.81026417,0.61294246,1.2973932,-0.2422012,0.1722373,0.12535268,-0.21516687,0.8186413,0.2798347,-1.2478659,-0.04755509
-0.3544219,0.21855721,0.7726697,0.121930666,-1.2843329,0.8597493,-1.8817883,-0.119025536,0.47986093,-1.0546886,0.1652524,0.7247473,-0.6771551,-2.1019745,-2.7843099,-1.8989005,0.87696177,0.86796826,-0.57953143,1.389577,1.4220562,2.018259,-0.19430132,0.097996876,0.5248407,-0.16305599,1.6238793,0.5442208,-1.9739926,-0.1361025
-0.827089,0.8032217,-0.8583858,-0.47257912,1.3481481,-1.262922,1.2816548,-0.4154855,-0.5778945,0.22375381,0.43006396,-1.1277325,0.9646045,0.015885234,-0.5831146,0.9819385,-1.1043541,-1.1288879,0.4283077,-0.07890503,-0.013981104,0.21907733,-0.46465296,0.45722848,-0.4542717,-0.46008453,-0.9165268,0.26689547,-0.07399045,0.59209424
1.3771924,-1.2300147,1.2179761,-0.010794833,-2.1842647,1.8884189,-2.5650365,-0.08172643,0.17631318,-0.5871474,0.106616616,1.595774,-1.3352312,-1.5011984,-1.6514894,-2.2317739,1.6324462,1.6687998,-0.28854427,0.7880285,0.07582457,1.1859138,-0.14214917,0.065878786,0.23039997,-0.113537766,1.9377279,-1.0240471,-1.1733848,-0.41641545
-0.41273022,0.25595313,0.893602,0.43960595,-1.4199136,0.9971757,-1.9735963,-0.07393789,1.2527289,-1.5688715,0.16852914,0.85764277,-0.7966985,-2.465526,-3.5660195,-2.020022,1.0230222,1.0104938,-1.1150775,1.938915,2.714881,2.57052,-0.14036214,0.06880366,1.0466882,-0.11317924,1.7788602,1.0726432,-2.9094775,-0.028725863
0.2481148,-0.27541083,0.919386,0.25344035,-1.6794536,1.3381824,-2.1189854,0.001559006,0.61374384,-0.81463724,0.043147996,1.1091796,-0.9410746,-1.5311521,-1.8225223,-1.9214697,1.1958828,1.2139629,-0.5731522,1.0035226,1.1431907,1.3504066,-0.035142317,-0.016895266,0.53359616,-0.018024277,1.65429,0.20824805,-1.4162289,-0.2177707
-0.13410664,0.014213741,0.7637913,0.045745432,-1.1048917,0.7774309,-1.5969473,-0.12275388,0.2690132,-0.9696575,0.14106975,0.6879934,-0.67111444,-1.9847636,-2.6155307,-1.660938,0.81727886,0.80369824,-0.45904535,1.298038,0.9565208,1.908428,-0.20316765,0.061467215,0.39995962,-0.16261116,1.4533244,0.27593446,-1.8161792,-0.20302176
0.2610572,-0.2265001,0.59037185,0.32136238,-0.97746456,0.7161951,-1.342268,-0.045248725,1.0157884,-1.1785794,0.13649046,0.605646,-0.5504996,-1.6836419,-2.7879753,-1.3551545,0.6989899,0.69644326,-0.9273593,1.4387262,1.7532165,1.8718132,-0.1066927,0.0970011,0.8616706,-0.08752662,1.1787922,0.15698576,-2.4057274,-0.057041943
0.8145398,-0.71120244,0.6387576,-0.31064153,-1.3443965,1.109785,-1.7088554,-0.2439597,-0.48231304,-0.06535531,0.22307175,0.89378726,-0.71888524,-0.8415027,-0.79071534,-1.4397694,0.9169031,0.94548315,0.21897633,0.21455765,-0.8110408,0.53650427,-0.2948591,0.19526206,-0.25855118,-0.26883656,1.1853848,-0.921085,-0.26337257,-0.1908653
-0.5060316,0.48644418,-0.13649392,0.03956954,0.21960616,-0.3413955,-0.01954031,-0.21263315,0.57617015,-0.7223591,0.3124014,-0.30926263,0.2390958,-1.1261811,-2.238465,-0.26402903,-0.22128582,-0.24341893,-0.4874778,0.97315156,1.7086136,1.4322366,-0.27415115,0.3267161,0.43182278,-0.2731476,0.21541691,0.58221555,-1.7515908,0.39100313
0.8177437,-0.7712086,1.3569994,0.08288754,-2.4333618,1.9636343,-3.045926,-0.020174116,0.27379307,-0.7903761,0.059566416,1.6514211,-1.407217,-1.9535592,-2.0274618,-2.7287512,1.749607,1.778054,-0.39756665,1.0460718,0.4012794,1.5655106,-0.08207714,0.0142163,0.3518501,-0.05902998,2.3354073,-0.52387977,-1.3013254,-0.510022
1.7677788,-1.6462005,1.8465574,-0.04298506,-3.0856311,2.6805727,-3.6137545,-0.08994958,-0.04577529,-0.82474697,0.06347549,2.3232388,-1.9887048,-2.2785027,-2.1687083,-3.208984,2.380553,2.421558,-0.25847772,1.1373799,-0.5660453,1.7562425,-0.16061018,-0.035414137,0.19918199,-0.114023335,2.8197567,-1.4544868,-1.2421203,-0.7269847
0.18756735,-0.1775477,0.6831969,0.40006492,-1.0597149,0.7618922,-1.4690027,-0.029680772,1.1886129,-1.4146702,0.13752638,0.6635691,-0.6221478,-1.9877225,-3.2943478,-1.5311277,0.77925414,0.77070916,-1.1052529,1.7213744,2.1209285,2.222299,-0.10668878,0.08825151,1.0293491,-0.0815056,1.3461348,0.28713334,-2.8586192,-0.070004106
1.0299757,-0.92262036,1.2313352,-0.07139274,-2.2926588,1.8637468,-2.8761277,-0.059900053,-0.034981083,-0.5026535,0.082716204,1.5539626,-1.306036,-1.6090016,-1.5592662,-2.5224266,1.6255556,1.6592216,-0.1491015,0.7214215,-0.30402863,1.1869054,-0.123898916,0.059262354,0.10785502,-0.10145455,2.1290216,-0.8981507,-0.8542536,-0.5231251
0.706509,-0.6413392,0.7627709,-0.21790808,-1.5189494,1.2431324,-1.9137484,-0.24101722,-0.260038,-0.27896222,0.23255299,1.0150989,-0.8314819,-1.1313877,-1.1989154,-1.6572895,1.0593266,1.0846066,0.04589362,0.4649196,-0.2541972,0.84234196,-0.29306892,0.18594804,-0.092447944,-0.26491147,1.3932945,-0.6401802,-0.63579845,-0.1726258
0.9965487,-0.8813936,1.1062815,-0.0269472,-2.025447,1.6556036,-2.551654,-0.056941763,0.03324973,-0.5633149,0.078110084,1.3844937,-1.1721518,-1.499087,-1.5419499,-2.2335227,1.4424318,1.4732145,-0.2182196,0.7690408,-0.22885406,1.1917242,-0.12022564,0.039645977,0.17567144,-0.09446384,1.8844404,-0.8783295,-0.9014936,-0.4810145
-0.39757437,0.2796029,0.6000005,0.36163074,-0.83739626,0.53624403,-1.2564943,-0.0631191,1.0554836,-1.3516918,0.15974024,0.48043883,-0.48968267,-2.0135295,-3.159125,-1.4065826,0.621424,0.60166085,-1.002516,1.6628491,2.4166343,2.1829643,-0.12888604,0.09975667,0.93639314,-0.10578482,1.2551876,0.86955047,-2.660371,0.012508243
0.9237572,-0.8090948,0.8002707,-0.2994657,-1.5289911,1.2642791,-1.9402868,-0.12419343,-0.5014921,-0.017658308,0.1218144,1.0422413,-0.87006295,-0.8751338,-0.6444953,-1.6625185,1.06961,1.0999435,0.2313176,0.14621909,-1.0362931,0.46059114,-0.17701885,0.13308565,-0.26101327,-0.16087538,1.3781238,-1.0676484,-0.10040747,-0.43335897
1.1872933,-1.0205802,0.97775555,0.18161574,-1.7676162,1.5107706,-2.1022444,0.008240573,0.5423216,-0.7295446,0.040654153,1.2676897,-1.0653657,-1.2947248,-1.6769923,-1.8292229,1.3028657,1.331752,-0.5616489,0.88376904,0.44377422,1.162949,-0.03656284,0.015100606,0.5101671,-0.01854064,1.5753419,-0.7962614,-1.3839356,-0.3687104
0.30996054,-0.4089215,1.8292335,0.6867554,-3.1675448,2.5273485,-3.8826776,0.068720475,1.585697,-1.8593372,0.03726164,2.1473699,-1.8470799,-3.1076035,-3.808638,-3.5868669,2.3286655,2.3486538,-1.4037002,2.231132,2.995696,2.8810835,0.0144451205,-0.09081066,1.332687,0.04168356,3.1539757,0.76710516,-3.1382277,-0.3603239
0.9965487,-0.8813936,1.1062815,-0.0269472,-2.025447,1.6556036,-2.551654,-0.056941763,0.03324973,-0.5633149,0.078110084,1.3844937,-1.1721518,-1.499087,-1.5419499,-2.2335227,1.4424318,1.4732145,-0.2182196,0.7690408,-0.22885406,1.1917242,-0.12022564,0.039645977,0.17567144,-0.09446384,1.8844404,-0.8783295,-0.9014936,-0.4810145
1.0299757,-0.92262036,1.2313352,-0.07139274,-2.2926588,1.8637468,-2.8761277,-0.059900053,-0.034981083,-0.5026535,0.082716204,1.5539626,-1.306036,-1.6090016,-1.5592662,-2.5224266,1.6255556,1.6592216,-0.1491015,0.7214215,-0.30402863,1.1869054,-0.123898916,0.059262354,0.10785502,-0.10145455,2.1290216,-0.8981507,-0.8542536,-0.5231251
-0.8859493,0.71061313,0.17124653,0.078293115,-0.18128014,-0.086946845,-0.619704,-0.21529558,0.53577346,-1.0513352,0.28462026,-0.07482028,-0.0122208595,-1.8215642,-2.966946,-0.870803,0.07120967,0.039681792,-0.57754105,1.4007198,2.0228415,2.020851,-0.29943162,0.22932078,0.510536,-0.2709188,0.7494755,1.0873165,-2.1902554,0.23515692
0.63454705,-0.5910441,0.81111145,-0.10009978,-1.4666961,1.2344126,-1.7855135,-0.14664906,0.03224474,-0.3482983,0.16892417,1.0340424,-0.87004954,-1.1066867,-1.0917444,-1.5784385,1.077394,1.0994438,-0.105951704,0.4966662,0.24603817,0.8052508,-0.17888299,0.13979067,0.06840454,-0.16694254,1.3654591,-0.3831625,-0.68884987,-0.23112431
-0.31050807,0.23519695,0.31415665,0.19687188,-0.42270768,0.23120654,-0.7261516,-0.09764406,0.7081507,-0.9289737,0.16900046,0.20274675,-0.22914559,-1.388087,-2.2779362,-0.8522413,0.29887342,0.28407568,-0.6693498,1.1549819,1.7229606,1.5368129,-0.15142086,0.124892935,0.61562294,-0.13294157,0.75291884,0.5862728,-1.9209232,0.066460475
1.2730446,-1.1793327,1.3322532,-0.10732539,-2.2762587,1.9568349,-2.7188346,-0.083190195,-0.1799028,-0.49330306,0.063632265,1.6768602,-1.4309043,-1.6298949,-1.4854361,-2.4059258,1.7230604,1.7550733,-0.080437735,0.7203242,-0.6307024,1.1901561,-0.13850792,0.010294547,0.037825085,-0.107206844,2.0897489,-1.133502,-0.75616807,-0.5635728
1.1872933,-1.0205802,0.97775555,0.18161574,-1.7676162,1.5107706,-2.1022444,0.008240573,0.5423216,-0.7295446,0.040654153,1.2676897,-1.0653657,-1.2947248,-1.6769923,-1.8292229,1.3028657,1.331752,-0.5616489,0.88376904,0.44377422,1.162949,-0.03656284,0.015100606,0.5101671,-0.01854064,1.5753419,-0.7962614,-1.3839356,-0.3687104
0.8237548,-0.7770577,1.3740892,0.09004386,-2.463107,1.9869174,-3.0828414,-0.019318065,0.28877828,-0.8100875,0.059734356,1.6713768,-1.4243405,-1.9835746,-2.0678678,-2.7626014,1.7712095,1.7997565,-0.4120525,1.0698978,0.42315665,1.5962752,-0.08197259,0.012917375,0.36569124,-0.05855415,2.3648925,-0.52301335,-1.3338155,-0.5142395
0.9750663,-0.88380224,0.9413878,-0.052490167,-1.7004188,1.4596289,-2.0260773,-0.10636456,0.03758833,-0.42646152,0.12210805,1.225856,-1.0269783,-1.2025148,-1.2814909,-1.7698524,1.2608068,1.2888966,-0.17292024,0.5892522,0.0128405765,0.9161761,-0.15183721,0.087698236,0.1250904,-0.12933241,1.5320091,-0.7548807,-0.8575471,-0.3002458
1.1872933,-1.0205802,0.97775555,0.18161574,-1.7676162,1.5107706,-2.1022444,0.008240573,0.5423216,-0.7295446,0.040654153,1.2676897,-1.0653657,-1.2947248,-1.6769923,-1.8292229,1.3028657,1.331752,-0.5616489,0.88376904,0.44377422,1.162949,-0.03656284,0.015100606,0.5101671,-0.01854064,1.5753419,-0.7962614,-1.3839356,-0.3687104
1.1872933,-1.0205802,0.97775555,0.18161574,-1.7676162,1.5107706,-2.1022444,0.008240573,0.5423216,-0.7295446,0.040654153,1.2676897,-1.0653657,-1.2947248,-1.6769923,-1.8292229,1.3028657,1.331752,-0.5616489,0.88376904,0.44377422,1.162949,-0.03656284,0.015100606,0.5101671,-0.01854064,1.5753419,-0.7962614,-1.3839356,-0.3687104
1.0792408,-0.93930304,0.74531937,-0.3657434,-1.42136,1.2200824,-1.7622199,-0.17469022,-0.6458986,0.062037714,0.14361681,1.0115278,-0.8358021,-0.76651686,-0.51433843,-1.4947145,1.0190136,1.0502694,0.33271018,0.06872632,-1.398774,0.37759206,-0.22175829,0.14399192,-0.36096507,-0.20148295,1.2447435,-1.2699621,0.045050003,-0.38111484
1.1872933,-1.0205802,0.97775555,0.18161574,-1.7676162,1.5107706,-2.1022444,0.008240573,0.5423216,-0.7295446,0.040654153,1.2676897,-1.0653657,-1.2947248,-1.6769923,-1.8292229,1.3028657,1.331752,-0.5616489,0.88376904,0.44377422,1.162949,-0.03656284,0.015100606,0.5101671,-0.01854064,1.5753419,-0.7962614,-1.3839356,-0.3687104
0.009318173,-0.05470854,0.5584223,0.08919248,-0.9335741,0.65273917,-1.357106,-0.14249137,0.40483254,-0.881591,0.17706856,0.5447577,-0.5030177,-1.6126022,-2.3594644,-1.3615522,0.64506656,0.64040107,-0.5099047,1.1507014,1.0723822,1.637424,-0.21249273,0.112731755,0.4499718,-0.17881583,1.1680008,0.1762901,-1.779777,-0.059534997
-0.0019063354,-0.023970068,0.46413517,-0.19762789,-0.7721034,0.49483013,-1.239761,-0.18261093,-0.15813355,-0.44744724,0.21080258,0.41388893,-0.3994608,-1.351724,-1.7310963,-1.2617333,0.5048988,0.50191087,-0.06552966,0.6892674,0.08192998,1.1819957,-0.26426518,0.19585027,0.019922808,-0.23744678,1.0478876,-0.17259479,-1.0455818,-0.15921333
1.3771924,-1.2300147,1.2179761,-0.010794833,-2.1842647,1.8884189,-2.5650365,-0.08172643,0.17631318,-0.5871474,0.106616616,1.595774,-1.3352312,-1.5011984,-1.6514894,-2.2317739,1.6324462,1.6687998,-0.28854427,0.7880285,0.07582457,1.1859138,-0.14214917,0.065878786,0.23039997,-0.113537766,1.9377279,-1.0240471,-1.1733848,-0.41641545
0.18756735,-0.1775477,0.6831969,0.40006492,-1.0597149,0.7618922,-1.4690027,-0.029680772,1.1886129,-1.4146702,0.13752638,0.6635691,-0.6221478,-1.9877225,-3.2943478,-1.5311277,0.77925414,0.77070916,-1.1052529,1.7213744,2.1209285,2.222299,-0.10668878,0.08825151,1.0293491,-0.0815056,1.3461348,0.28713334,-2.8586192,-0.070004106
0.6497108,-0.64173746,1.4117805,0.11582212,-2.5805826,2.044523,-3.2609785,-0.027461562,0.37295842,-0.8889647,0.071674585,1.7087885,-1.4506251,-2.1503558,-2.2991664,-2.9342887,1.829848,1.8569212,-0.46614468,1.1748487,0.7272349,1.7510693,-0.09304132,0.019752735,0.41787294,-0.06864732,2.5059597,-0.29511115,-1.5152863,-0.47730523
1.0042251,-0.9128932,1.1492122,-0.099568725,-2.206875,1.8307806,-2.7060933,-0.17720151,-0.022611897,-0.5077068,0.17884366,1.517231,-1.2501799,-1.5597208,-1.6200887,-2.347165,1.5752593,1.611428,-0.13490939,0.7348823,-0.111342266,1.1899961,-0.23772234,0.12004228,0.084747925,-0.2061734,1.9954143,-0.7576711,-0.98204476,-0.3214624
1.9224545,-1.6923103,1.693968,-0.3420955,-3.0954914,2.6362793,-3.7183378,-0.2451364,-0.38499054,-0.41908947,0.25216392,2.2322307,-1.8566056,-1.987673,-1.7287241,-3.2349439,2.279261,2.3327742,0.09540198,0.7151305,-1.237975,1.3538336,-0.3249652,0.22332346,-0.14659326,-0.2969874,2.7701368,-1.8168559,-0.75653553,-0.6713564
1.6468619,-1.4917278,1.579507,-0.36837173,-2.872097,2.4336152,-3.4555805,-0.25108284,-0.5286335,-0.36229867,0.22168125,2.060389,-1.7205919,-1.9082363,-1.660999,-3.017758,2.1154313,2.1603897,0.1753958,0.6568424,-1.1583159,1.2871729,-0.32874745,0.17587806,-0.22747657,-0.29174438,2.5891497,-1.5787009,-0.67025524,-0.6010883
0.3727811,-0.40220666,1.2552159,0.15796323,-2.3405552,1.8381342,-2.958851,-0.107871875,0.59469897,-0.9764022,0.16609128,1.5251299,-1.284196,-2.1130798,-2.4623423,-2.6786451,1.6495442,1.672051,-0.5831091,1.2649666,1.3228484,1.8159769,-0.1642908,0.10193034,0.5295881,-0.14387646,2.2983859,0.1460023,-1.7892175,-0.26653904
-0.55262524,0.39637098,0.6418452,0.3830079,-0.88875926,0.5582154,-1.3459573,-0.061283544,1.089475,-1.4082664,0.15641014,0.5014621,-0.5160394,-2.1371927,-3.2564814,-1.5060747,0.65616494,0.63386667,-1.0272838,1.733992,2.5469,2.2849164,-0.12746893,0.08640313,0.96309626,-0.103289746,1.3440553,1.0274605,-2.7126591,0.009539992
-0.23852545,0.10279167,0.9327053,0.23691252,-1.5513214,1.0995377,-2.1573641,-0.15762071,0.7816167,-1.3605424,0.2142036,0.9332104,-0.8501068,-2.4305458,-3.381152,-2.1490333,1.0942712,1.0862606,-0.8317198,1.7445021,2.0033553,2.4274395,-0.23806402,0.111907676,0.7593326,-0.1989272,1.8650542,0.72282344,-2.56467,-0.08493602
1.0470669,-0.9733307,1.1239405,-0.11162719,-1.9465725,1.6603801,-2.3516486,-0.09352508,-0.17103934,-0.43539384,0.07620384,1.4141912,-1.2044432,-1.4407859,-1.3564538,-2.082621,1.4587494,1.4860945,-0.06377535,0.6423688,-0.51474327,1.0680481,-0.14359479,0.028856242,0.02360716,-0.115677275,1.801364,-0.9341527,-0.6988357,-0.45469707
-2.62541,2.2925036,-1.4831655,-0.14149472,2.9452686,-2.8253155,2.8577886,-0.30929315,0.23251283,-0.56722665,0.41262016,-2.3688498,1.8567338,-0.66327566,-2.2670999,1.9408907,-2.2327666,-2.3259058,-0.21345337,0.8485879,2.4627063,1.3432268,-0.39325082,0.4432017,0.16295423,-0.3897025,-1.6820668,2.1973825,-1.64956,0.9526715
0.23842633,-0.30970967,1.3975286,0.52242464,-2.4543853,1.9488803,-3.0363193,0.049748376,1.2315439,-1.4353151,0.0371675,1.6421906,-1.4095318,-2.412596,-2.99154,-2.7984838,1.7852614,1.8017118,-1.0883723,1.7249814,2.3564587,2.235246,0.004497938,-0.05793733,1.0297635,0.02541242,2.4491172,0.5857111,-2.4658277,-0.2802319
-0.25724667,0.1654185,0.5884062,0.09529719,-1.0150088,0.6643193,-1.5370477,-0.19247833,0.46711823,-0.99978024,0.23250568,0.5519146,-0.51344895,-1.8574367,-2.690398,-1.5575662,0.67801046,0.6716749,-0.55357987,1.3140517,1.3213072,1.8775886,-0.27062088,0.15291783,0.49225053,-0.23305953,1.3243884,0.49430692,-1.9957806,-0.00033196807
2.2174704,-1.9698648,1.6546104,-0.47592846,-2.9091766,2.5803282,-3.3728783,-0.25778034,-0.7948801,-0.16183765,0.20668069,2.2139354,-1.8504168,-1.6708115,-1.2074997,-2.905555,2.2210677,2.2748954,0.3576261,0.4203545,-1.9946183,0.990478,-0.33071432,0.16903986,-0.40588522,-0.29335383,2.5172203,-2.229526,-0.25012624,-0.719508
0.120100975,-0.17272544,0.8641678,0.26400405,-1.3592459,0.9974886,-1.8441887,-0.09703522,0.9183096,-1.3552508,0.18217292,0.86422133,-0.7976049,-2.2461238,-3.39271,-1.877378,1.0001903,0.99211776,-0.90804803,1.7138215,2.0732443,2.3418589,-0.1903573,0.10742062,0.8236339,-0.1524393,1.6549016,0.37873223,-2.768667,-0.09921336
-0.16041917,0.0393579,0.9106966,0.18107429,-1.5254458,1.081823,-2.1225243,-0.18273073,0.6945007,-1.3021564,0.2345187,0.91600716,-0.8325165,-2.3809955,-3.3301091,-2.1073961,1.0725255,1.0642521,-0.7644672,1.686266,1.9198067,2.3741393,-0.26589003,0.13478014,0.6887312,-0.22520345,1.8271595,0.62535614,-2.5056179,-0.07852101
-0.017805398,-0.07663602,0.7682086,0.03429709,-1.1673056,0.84400976,-1.6496761,-0.12825666,0.23497689,-0.9037234,0.14153281,0.73373497,-0.69493467,-1.8878242,-2.4520805,-1.6668482,0.8516486,0.84333104,-0.4213084,1.2139803,0.7875112,1.7942317,-0.20396891,0.062494636,0.3649105,-0.16493475,1.4484137,0.14794493,-1.6764137,-0.21408764
0.6306624,-0.57100767,0.8737844,0.24009317,-1.5288454,1.2757401,-1.8581527,0.017439706,0.62769383,-0.7651425,0.03712607,1.0721908,-0.91617596,-1.3058931,-1.6338288,-1.6638564,1.1281209,1.1471865,-0.5960941,0.9159453,0.84302145,1.1831942,-0.014698627,-0.00071928377,0.554026,-0.0029409886,1.4464157,-0.21559885,-1.3579099,-0.27651775
0.05775845,-0.1553554,1.0867655,0.15732992,-1.7204045,1.2722493,-2.3069384,-0.19805703,0.8074295,-1.4184275,0.27806738,1.1058348,-1.0117326,-2.639567,-3.682825,-2.3192236,1.2693307,1.2600819,-0.8327184,1.8443577,2.1724536,2.6127238,-0.29905427,0.18884146,0.7443212,-0.2581351,2.0466523,0.49590927,-2.842788,-0.13108727
-0.27334,0.18325424,0.61220217,0.0639569,-0.9666418,0.60366094,-1.530889,-0.13137287,0.39979112,-0.9965868,0.18775275,0.5173284,-0.50992036,-1.9412962,-2.7295702,-1.6029305,0.65289575,0.64097154,-0.52216953,1.3271391,1.1370255,1.9413441,-0.22127274,0.13534726,0.46460986,-0.18871409,1.3633229,0.370036,-1.9580922,-0.10566178
0.18756735,-0.1775477,0.6831969,0.40006492,-1.0597149,0.7618922,-1.4690027,-0.029680772,1.1886129,-1.4146702,0.13752638,0.6635691,-0.6221478,-1.9877225,-3.2943478,-1.5311277,0.77925414,0.77070916,-1.1052529,1.7213744,2.1209285,2.222299,-0.10668878,0.08825151,1.0293491,-0.0815056,1.3461348,0.28713334,-2.8586192,-0.070004106
0.6922692,-0.58365214,0.4137586,-0.23965962,-0.9367313,0.79115367,-1.2024338,-0.19206062,-0.39416197,0.015961627,0.17204392,0.6220616,-0.48818836,-0.500416,-0.45560107,-0.9826255,0.6255328,0.65160424,0.19591331,0.07648678,-0.7686203,0.27926704,-0.22940518,0.14886844,-0.22693743,-0.20846404,0.79256594,-0.7714742,-0.109407715,-0.1190165
1.7677788,-1.6462005,1.8465574,-0.04298506,-3.0856311,2.6805727,-3.6137545,-0.08994958,-0.04577529,-0.82474697,0.06347549,2.3232388,-1.9887048,-2.2785027,-2.1687083,-3.208984,2.380553,2.421558,-0.25847772,1.1373799,-0.5660453,1.7562425,-0.16061018,-0.035414137,0.19918199,-0.114023335,2.8197567,-1.4544868,-1.2421203,-0.7269847
0.63144,-0.5531769,0.5997236,-0.1668728,-1.2446885,1.0220208,-1.5941002,-0.16152965,-0.23967281,-0.17311724,0.15072255,0.82135326,-0.6648668,-0.83162266,-0.84298646,-1.3571105,0.84871656,0.875097,0.06119055,0.3066027,-0.48643178,0.58367467,-0.20407236,0.12011055,-0.09476449,-0.18204902,1.1200857,-0.62742245,-0.3986219,-0.18451834
0.23568457,-0.2559589,0.78367865,0.21574962,-1.298832,0.9719925,-1.7411301,-0.097331695,0.7841177,-1.1446927,0.16743791,0.82354593,-0.7408535,-1.9422677,-2.9031556,-1.7171159,0.9357725,0.93438286,-0.7693232,1.4517945,1.7087388,1.9992507,-0.17602888,0.101368554,0.6952185,-0.1437437,1.4993364,0.2097922,-2.350661,-0.10403937
1.1872933,-1.0205802,0.97775555,0.18161574,-1.7676162,1.5107706,-2.1022444,0.008240573,0.5423216,-0.7295446,0.040654153,1.2676897,-1.0653657,-1.2947248,-1.6769923,-1.8292229,1.3028657,1.331752,-0.5616489,0.88376904,0.44377422,1.162949,-0.03656284,0.015100606,0.5101671,-0.01854064,1.5753419,-0.7962614,-1.3839356,-0.3687104
1.3771924,-1.2300147,1.2179761,-0.010794833,-2.1842647,1.8884189,-2.5650365,-0.08172643,0.17631318,-0.5871474,0.106616616,1.595774,-1.3352312,-1.5011984,-1.6514894,-2.2317739,1.6324462,1.6687998,-0.28854427,0.7880285,0.07582457,1.1859138,-0.14214917,0.065878786,0.23039997,-0.113537766,1.9377279,-1.0240471,-1.1733848,-0.41641545
0.4898506,-0.50247544,1.0961874,0.13088876,-1.971855,1.596899,-2.4452055,-0.040841293,0.39117187,-0.7546302,0.07056955,1.3353616,-1.1336251,-1.6947443,-1.8827261,-2.206177,1.425342,1.445972,-0.4360819,0.97594213,0.8135942,1.4054381,-0.08845277,0.011317106,0.3906922,-0.06554661,1.9072018,-0.10096206,-1.3420298,-0.3090752
0.8002838,-0.75475234,1.3244054,0.08736671,-2.3671904,1.9134527,-2.9608243,-0.01404115,0.2705467,-0.77364475,0.052349493,1.6101813,-1.3733689,-1.9023919,-1.9698272,-2.6531389,1.7051144,1.7327929,-0.3921782,1.0211927,0.39542496,1.5244826,-0.07384979,0.0073685115,0.34768915,-0.051371135,2.2722468,-0.511595,-1.2644767,-0.50025654
0.16477811,-0.15733147,0.6294408,0.3806756,-0.9875511,0.7145704,-1.3647665,-0.01563047,1.1066239,-1.2809166,0.11199342,0.6149793,-0.57361823,-1.8022506,-2.9408708,-1.4048891,0.7192946,0.712809,-1.0152586,1.552601,1.950685,1.9996101,-0.07671945,0.06880236,0.9474715,-0.0574177,1.2332678,0.29717886,-2.553395,-0.06688529
0.20636564,-0.1876123,0.623206,0.36425748,-0.9878824,0.71570337,-1.3664162,-0.02989706,1.0953927,-1.2796564,0.12764746,0.61532485,-0.57125676,-1.8014989,-2.9806921,-1.4065175,0.7182297,0.71232486,-1.0086045,1.5560114,1.9184144,2.0101812,-0.095956266,0.08442533,0.93944204,-0.07490061,1.2318798,0.23828173,-2.586444,-0.063539445
0.84865624,-0.8009719,1.4051945,0.08810729,-2.514627,2.0324109,-3.139314,-0.019378088,0.2857133,-0.8131817,0.05972039,1.7111613,-1.4581925,-2.0104744,-2.0798352,-2.8124819,1.8118565,1.8411274,-0.4108082,1.0751758,0.4166524,1.6073449,-0.082536556,0.012820458,0.36417305,-0.05892656,2.4096777,-0.5415121,-1.3371214,-0.52733934
0.84324634,-0.79276437,1.3719639,0.075199604,-2.4654775,1.9883447,-3.0887744,-0.024441432,0.26140645,-0.7912691,0.063644625,1.6717403,-1.4237634,-1.9720185,-2.0457296,-2.7648778,1.770658,1.7996273,-0.3925356,1.050564,0.37094173,1.5778207,-0.08810474,0.018382756,0.34609443,-0.06444495,2.3642628,-0.5557071,-1.3062412,-0.51873857
-0.26611757,0.19060504,0.35378993,0.025351858,-0.5963925,0.33384204,-1.0255802,-0.1995258,0.29554534,-0.82043725,0.23138282,0.27227044,-0.27519977,-1.5224934,-2.367826,-1.1034324,0.37748486,0.36674106,-0.42777866,1.0975384,1.0704529,1.5914034,-0.27790952,0.16653192,0.3668176,-0.240538,0.9303242,0.38274634,-1.7699163,0.068175495
0.29949442,-0.31947964,0.9583044,0.27435082,-1.648839,1.333572,-2.0571723,0.03840887,0.63901377,-0.8388898,0.015373867,1.1239281,-0.9724689,-1.5337164,-1.7563888,-1.8815503,1.2067391,1.222234,-0.60229313,1.0171233,1.1299865,1.3495253,0.005789631,-0.037565686,0.56517595,0.018381122,1.6373816,0.13579199,-1.3699243,-0.28408563
0.51843375,-0.5298226,1.1992674,0.16053133,-2.2634625,1.814675,-2.816301,-0.0847397,0.48202062,-0.8768432,0.114529386,1.500606,-1.2521397,-1.9130428,-2.2296262,-2.5183544,1.604499,1.6304706,-0.5163591,1.1346397,1.0298291,1.620511,-0.14203598,0.035629682,0.4613709,-0.111262284,2.161763,-0.030040175,-1.6273631,-0.25944233
-0.20613706,0.07448906,0.88707936,-0.010989752,-1.4901057,1.0214595,-2.12804,-0.29022083,0.39329255,-1.1764036,0.33545443,0.8682835,-0.79764056,-2.4325073,-3.3683112,-2.1415648,1.0367758,1.0248932,-0.5623451,1.5903457,1.7065605,2.3534312,-0.3918611,0.24527058,0.47860476,-0.344671,1.8509527,0.5337894,-2.4404526,-0.044789523
-0.0014427304,-0.03718537,0.50923574,0.024726003,-0.932973,0.6339711,-1.3884909,-0.20361961,0.26916465,-0.81864285,0.22664401,0.51410437,-0.46173543,-1.5802234,-2.3310337,-1.3662279,0.6126724,0.610387,-0.4199081,1.0939568,0.887316,1.5947967,-0.27816924,0.15194605,0.35728896,-0.23921674,1.1496508,0.12231976,-1.6978902,-0.0060513318
0.8111829,-0.71541005,0.6651319,-0.25582743,-1.3476592,1.1303993,-1.6845233,-0.21039587,-0.3860363,-0.08898088,0.19107835,0.9192096,-0.74627316,-0.82989854,-0.7562827,-1.4252062,0.94129735,0.9694464,0.16932862,0.22552522,-0.6523213,0.52008617,-0.25614473,0.15866593,-0.20729361,-0.23065563,1.1886554,-0.7986505,-0.28962842,-0.19873482
0.6306624,-0.57100767,0.8737844,0.24009317,-1.5288454,1.2757401,-1.8581527,0.017439706,0.62769383,-0.7651425,0.03712607,1.0721908,-0.91617596,-1.3058931,-1.6338288,-1.6638564,1.1281209,1.1471865,-0.5960941,0.9159453,0.84302145,1.1831942,-0.014698627,-0.00071928377,0.554026,-0.0029409886,1.4464157,-0.21559885,-1.3579099,-0.27651775
1.7677788,-1.6462005,1.8465574,-0.04298506,-3.0856311,2.6805727,-3.6137545,-0.08994958,-0.04577529,-0.82474697,0.06347549,2.3232388,-1.9887048,-2.2785027,-2.1687083,-3.208984,2.380553,2.421558,-0.25847772,1.1373799,-0.5660453,1.7562425,-0.16061018,-0.035414137,0.19918199,-0.114023335,2.8197567,-1.4544868,-1.2421203,-0.7269847
0.522381,-0.43602556,0.2893911,-0.21555158,-0.67083734,0.5772233,-0.8728429,-0.16246906,-0.34777153,0.07245002,0.15032917,0.44762897,-0.34922066,-0.32342815,-0.22632878,-0.702622,0.4443115,0.46648434,0.19856875,-0.014519488,-0.6225594,0.12620494,-0.1883132,0.13778578,-0.22174226,-0.17514704,0.5602478,-0.59557724,0.01978472,-0.08433159
-0.44036806,0.32944655,0.31426275,-0.06498335,-0.44282675,0.17389572,-0.86848307,-0.26154006,0.30409595,-0.9045643,0.32587123,0.15049708,-0.19321024,-1.794445,-2.7884715,-1.048856,0.28115273,0.2568878,-0.41428122,1.2496424,1.6131912,1.8866302,-0.35161123,0.2864994,0.34060574,-0.3224441,0.90871,0.60070956,-1.9913172,0.1496976
0.81263375,-0.76727015,1.3636739,0.08912282,-2.4445615,1.9713166,-3.060606,-0.01880166,0.28598875,-0.80288595,0.05902565,1.6580437,-1.4131693,-1.9698772,-2.0503693,-2.7431688,1.7575102,1.7858224,-0.40795693,1.0605385,0.42589346,1.5830592,-0.08091669,0.012742515,0.36193782,-0.057752855,2.3481927,-0.5135392,-1.3213663,-0.5098872
0.8002838,-0.75475234,1.3244054,0.08736671,-2.3671904,1.9134527,-2.9608243,-0.01404115,0.2705467,-0.77364475,0.052349493,1.6101813,-1.3733689,-1.9023919,-1.9698272,-2.6531389,1.7051144,1.7327929,-0.3921782,1.0211927,0.39542496,1.5244826,-0.07384979,0.0073685115,0.34768915,-0.051371135,2.2722468,-0.511595,-1.2644767,-0.50025654
0.9750663,-0.88380224,0.9413878,-0.052490167,-1.7004188,1.4596289,-2.0260773,-0.10636456,0.03758833,-0.42646152,0.12210805,1.225856,-1.0269783,-1.2025148,-1.2814909,-1.7698524,1.2608068,1.2888966,-0.17292024,0.5892522,0.0128405765,0.9161761,-0.15183721,0.087698236,0.1250904,-0.12933241,1.5320091,-0.7548807,-0.8575471,-0.3002458
0.9334811,-0.822262,0.907215,-0.17572682,-1.7003549,1.3975728,-2.1567893,-0.084948674,-0.26323852,-0.24081078,0.09159159,1.1595271,-0.9737028,-1.124639,-1.0225177,-1.8738579,1.1999574,1.2296739,0.04442623,0.40388837,-0.6767629,0.767141,-0.13966544,0.08430945,-0.07782901,-0.120921716,1.5666509,-0.9558719,-0.43643516,-0.44403422
0.0036191344,-0.05723542,0.5402497,-0.15728572,-0.8881782,0.6036072,-1.3486028,-0.21847571,-0.0965811,-0.5869638,0.22418582,0.50759256,-0.47912282,-1.5152892,-1.9593616,-1.3558154,0.6047031,0.6005592,-0.1394999,0.86138594,0.24307072,1.3925523,-0.29362157,0.17361218,0.088672124,-0.2594101,1.1450719,-0.044268966,-1.2089063,-0.12945586
0.4701312,-0.4484436,0.79326,-0.09190489,-1.5137461,1.2188991,-1.913367,-0.17068228,0.06380181,-0.4249211,0.1944231,1.0029176,-0.83672464,-1.2461681,-1.3495455,-1.6952554,1.0652002,1.0856173,-0.14028354,0.60536665,0.39539826,0.97190744,-0.21225299,0.15814918,0.09821959,-0.19602117,1.4441702,-0.23910129,-0.8680231,-0.17723088
1.7677788,-1.6462005,1.8465574,-0.04298506,-3.0856311,2.6805727,-3.6137545,-0.08994958,-0.04577529,-0.82474697,0.06347549,2.3232388,-1.9887048,-2.2785027,-2.1687083,-3.208984,2.380553,2.421558,-0.25847772,1.1373799,-0.5660453,1.7562425,-0.16061018,-0.035414137,0.19918199,-0.114023335,2.8197567,-1.4544868,-1.2421203,-0.7269847
0.81597537,-0.77037334,1.3666174,0.08856434,-2.4495695,1.9759057,-3.0659378,-0.018807333,0.28481758,-0.80248725,0.059014928,1.6620299,-1.4165082,-1.9715064,-2.0501819,-2.7476363,1.7614818,1.7898924,-0.40727237,1.0602283,0.42353144,1.5831615,-0.080978185,0.01283522,0.36123618,-0.057812564,2.3521724,-0.516665,-1.3204602,-0.51141053
-0.5122745,0.38587636,0.32619315,0.16658983,-0.364596,0.16386056,-0.68915105,-0.12298151,0.60884744,-0.9646593,0.18621816,0.16090119,-0.21536767,-1.513891,-2.407907,-0.8717389,0.2723617,0.25113642,-0.64136,1.216119,1.7839925,1.6450864,-0.18079506,0.13434863,0.5863621,-0.1578072,0.78220797,0.7605066,-1.9608481,0.07101968
-2.5402381,2.3418784,-2.3011804,-0.40112072,4.046793,-3.652726,4.280319,-0.4092275,-0.32187164,0.3149156,0.47974586,-3.1425972,2.6082122,0.88865983,-0.40536553,3.4074388,-3.1133974,-3.193385,0.3667081,-0.22577615,1.1031404,-0.06843339,-0.45446068,0.5606562,-0.38370472,-0.47289467,-3.010777,1.6174557,-0.17198479,1.267402
0.67340124,-0.63399667,1.0551753,-0.008700535,-1.9452612,1.5744944,-2.4504998,-0.06329718,0.088145435,-0.53640527,0.07973892,1.3100148,-1.1059294,-1.5022117,-1.5350981,-2.1757715,1.3833811,1.4098518,-0.2150955,0.7409514,0.09872906,1.1611352,-0.11513691,0.041678216,0.17710932,-0.0933301,1.8489044,-0.47208762,-0.9321491,-0.38906664
1.9224545,-1.6923103,1.693968,-0.3420955,-3.0954914,2.6362793,-3.7183378,-0.2451364,-0.38499054,-0.41908947,0.25216392,2.2322307,-1.8566056,-1.987673,-1.7287241,-3.2349439,2.279261,2.3327742,0.09540198,0.7151305,-1.237975,1.3538336,-0.3249652,0.22332346,-0.14659326,-0.2969874,2.7701368,-1.8168559,-0.75653553,-0.6713564
0.6893295,-0.62696457,0.8131062,-0.17062016,-1.6504983,1.3414719,-2.0827606,-0.21798901,-0.17766292,-0.3270687,0.20845614,1.08917,-0.88627064,-1.198767,-1.2889562,-1.7978948,1.1395985,1.1680646,-0.0036988342,0.5175935,-0.18828176,0.899632,-0.27161965,0.15596658,-0.042394888,-0.2415378,1.506876,-0.5659725,-0.724376,-0.18237118
0.61981535,-0.5313219,0.45912734,-0.058551617,-0.8962661,0.7781944,-1.1084328,-0.07876162,-0.051088367,-0.15895356,0.08879065,0.63146603,-0.5196327,-0.53464854,-0.51982707,-0.92463887,0.6365619,0.65864754,-0.046162657,0.22245975,-0.23142254,0.35968232,-0.10588164,0.068412915,0.017972726,-0.09305882,0.7713183,-0.57758605,-0.32128987,-0.17817715
1.4278603,-1.3099467,1.8579985,-0.09302853,-3.4030685,2.7977588,-4.167793,-0.17673393,0.09762679,-0.8585769,0.20601732,2.3578753,-1.9750433,-2.5333066,-2.5465763,-3.6907387,2.4648135,2.5109718,-0.28851345,1.2185656,-0.04850217,1.9546367,-0.26102266,0.14652322,0.22901978,-0.22863309,3.164206,-1.0704427,-1.5086796,-0.62515646
-1.7783014,1.5568655,-1.1552107,-0.12669703,2.3642426,-2.220241,2.307794,-0.16918649,0.07502735,-0.43307346,0.24642196,-1.8502736,1.4362154,-0.5336748,-1.747747,1.5904468,-1.7653542,-1.8358399,-0.1157604,0.6500723,1.7110159,1.0397944,-0.24663654,0.26723176,0.07024215,-0.23443502,-1.3771466,1.480412,-1.2166121,0.6458167
-0.3624491,0.24841595,0.60297644,0.11636445,-1.0104967,0.641067,-1.5557756,-0.19684663,0.5338894,-1.0946778,0.24597996,0.53871334,-0.5123048,-1.9924201,-2.9272866,-1.6097827,0.6782995,0.6678462,-0.61870426,1.4332119,1.535796,2.035408,-0.28181824,0.16467713,0.55316293,-0.24261919,1.3759183,0.62603855,-2.2032447,0.020604104
0.12815946,-0.1200878,0.5814837,0.3182338,-0.99158347,0.7079543,-1.3935575,-0.077631906,0.95124614,-1.1836812,0.15935045,0.5903592,-0.5348707,-1.7131115,-2.7370162,-1.3851306,0.6883139,0.685734,-0.8920212,1.4468302,1.7371223,1.8885142,-0.14324467,0.09422761,0.8267651,-0.11713233,1.1947147,0.24548614,-2.3224578,-0.022297382
0.6842576,-0.5905099,0.508021,-0.28268623,-1.0229534,0.8530098,-1.3276377,-0.13813242,-0.487258,0.05813182,0.12593427,0.689234,-0.56603754,-0.56364906,-0.39248654,-1.1222638,0.700534,0.72526085,0.24889292,0.03496075,-0.93329996,0.2650344,-0.17785035,0.13131464,-0.2732569,-0.16296855,0.91425216,-0.86852837,0.015926613,-0.27027047
0.7665605,-0.7270635,1.3188028,0.10622925,-2.3508523,1.9005848,-2.9379094,-0.00878592,0.30616796,-0.79425204,0.048949104,1.5999761,-1.3655338,-1.9081725,-1.9865938,-2.6369193,1.6956952,1.7228042,-0.41641212,1.0409113,0.47099847,1.5397593,-0.06707523,0.002209263,0.3720342,-0.045065925,2.2614393,-0.4585144,-1.2932006,-0.48922592
0.8213537,-0.7743914,1.3646264,0.08493617,-2.4473734,1.9741638,-3.0641642,-0.020391233,0.27758175,-0.798059,0.06020665,1.6603571,-1.4148992,-1.967118,-2.0442393,-2.7451596,1.7593174,1.7878913,-0.40253738,1.0555961,0.40827277,1.5784448,-0.082835004,0.0142331645,0.35644874,-0.059536748,2.3493254,-0.5252613,-1.31328,-0.51217365
0.8157123,-0.7706886,1.3715019,0.090681225,-2.4576652,1.9821928,-3.0758793,-0.01851468,0.28926012,-0.8080009,0.058978345,1.6674832,-1.4212896,-1.9804933,-2.0610485,-2.7571058,1.7675,1.7959181,-0.41130677,1.0668631,0.43273342,1.5917515,-0.08082535,0.012381273,0.36510774,-0.057575285,2.3605971,-0.51344025,-1.3292094,-0.5123088
1.6811017,-1.4850812,1.2843561,-0.37909752,-2.3174345,2.0212376,-2.7554977,-0.19453195,-0.6333263,-0.121718,0.1624157,1.7138705,-1.4288765,-1.3333879,-0.9956425,-2.368134,1.7276248,1.7719963,0.28183505,0.32831803,-1.6005005,0.7915234,-0.2574066,0.14391163,-0.32065555,-0.22927585,2.0243993,-1.739067,-0.21358772,-0.5928168
-0.61590767,0.42209262,0.964787,0.578743,-1.5109878,1.025224,-2.1252437,-0.007054977,1.5038027,-1.7993712,0.123571165,0.88613915,-0.836579,-2.7294576,-3.997335,-2.2091372,1.0823596,1.0635229,-1.3448656,2.1922143,3.260855,2.8611887,-0.08109568,0.024270993,1.2711244,-0.05315044,1.9496706,1.320188,-3.3458164,-0.03354609
1.9224545,-1.6923103,1.693968,-0.3420955,-3.0954914,2.6362793,-3.7183378,-0.2451364,-0.38499054,-0.41908947,0.25216392,2.2322307,-1.8566056,-1.987673,-1.7287241,-3.2349439,2.279261,2.3327742,0.09540198,0.7151305,-1.237975,1.3538336,-0.3249652,0.22332346,-0.14659326,-0.2969874,2.7701368,-1.8168559,-0.75653553,-0.6713564
-0.5594912,0.348078,1.1452609,0.42185614,-1.8376333,1.2765869,-2.5562599,-0.13720149,1.259743,-1.7965288,0.23613971,1.1032268,-1.0226195,-3.0360518,-4.262623,-2.6074963,1.3173306,1.3012203,-1.1959778,2.2576225,3.0553777,3.062995,-0.2301491,0.118102945,1.1130166,-0.18937957,2.2885847,1.2722863,-3.3862689,-0.055532426
0.681105,-0.6363242,0.91801965,0.06064261,-1.6353569,1.3768458,-1.9804008,-0.039639603,0.24053012,-0.51221997,0.06289928,1.1545984,-0.9757322,-1.2503906,-1.3232468,-1.7566073,1.205859,1.2285937,-0.28789485,0.668409,0.33679736,0.97797316,-0.078277566,0.02490657,0.24897358,-0.060826182,1.5225184,-0.3831231,-0.9423916,-0.29972643
0.6427939,-0.5996169,0.85508454,-0.118527785,-1.633845,1.3336002,-2.0482273,-0.18939784,-0.05643506,-0.43073395,0.19416709,1.0990752,-0.9130204,-1.303766,-1.4286784,-1.8034518,1.156017,1.179648,-0.1037837,0.6320207,0.0726683,1.0288819,-0.23949355,0.14582352,0.05767901,-0.21418552,1.5321672,-0.4685635,-0.8651963,-0.21109545
0.6456424,-0.5529194,0.4899877,-0.097146176,-1.0289439,0.86563027,-1.2931721,-0.121690094,-0.095984355,-0.17051162,0.12883565,0.6913594,-0.55704266,-0.62515783,-0.66727686,-1.0748854,0.7043306,0.72861636,-0.022862889,0.25723758,-0.2405973,0.44071996,-0.15687054,0.10372354,-0.0105887335,-0.13962215,0.88575494,-0.63286597,-0.40314975,-0.15383957
-0.051089168,-0.028976023,0.7824774,0.2920374,-1.2321533,0.89102185,-1.6987716,-0.062422544,0.86848414,-1.247066,0.1301705,0.7643393,-0.70954263,-2.0533917,-3.000753,-1.7208459,0.89363235,0.8853797,-0.85314095,1.563031,1.9052943,2.1182868,-0.13531695,0.054087784,0.7841008,-0.10392402,1.5117025,0.50218344,-2.41773,-0.10172284
0.7528578,-0.7681693,1.8902422,0.2764926,-3.4185655,2.7195818,-4.2618246,-0.015929202,0.7293445,-1.3311094,0.07861647,2.287095,-1.9413697,-2.9158993,-3.2045434,-3.8503952,2.4505584,2.4834642,-0.7819845,1.7113943,1.3833002,2.4534674,-0.09486244,-0.009847267,0.719443,-0.062101804,3.3135283,-0.13748947,-2.2427173,-0.56451523
1.1023796,-0.94660705,0.91791546,0.15280785,-1.6855351,1.4426725,-2.0138571,-0.02996999,0.43037382,-0.66496754,0.06981916,1.2052478,-1.0073757,-1.2055929,-1.4774747,-1.7276628,1.2333207,1.2626858,-0.4766661,0.80782187,0.28880197,1.0674107,-0.07527233,0.024484025,0.42788142,-0.05337514,1.4804702,-0.79785514,-1.1826432,-0.3218661
0.86451966,-0.79671484,1.2455468,0.028701587,-2.2472003,1.8229586,-2.8166435,-0.03103878,0.1589153,-0.6653048,0.06457524,1.5303067,-1.3006212,-1.7456969,-1.7861617,-2.5085983,1.6125075,1.6414638,-0.30079,0.89790463,0.14240013,1.3770293,-0.09107594,0.028675819,0.25797197,-0.0695704,2.1387563,-0.6412059,-1.0994178,-0.49651313
-0.47379607,0.2932232,1.1788765,0.7151201,-1.8979827,1.3549049,-2.5521927,0.014569793,1.7963916,-2.0496101,0.11727214,1.1649768,-1.0663984,-3.027512,-4.4094214,-2.578155,1.3723197,1.358134,-1.5841992,2.4708729,3.6453233,3.1736493,-0.05740817,0.0025908388,1.5023389,-0.029145774,2.280192,1.3616389,-3.754521,-0.06033784
0.2887295,-0.2949046,0.7855222,0.30114847,-1.3424182,1.102477,-1.6553941,0.04173232,0.6901206,-0.80695564,0.010839026,0.9275911,-0.8018818,-1.3005061,-1.6415527,-1.5196267,0.99341464,1.0063928,-0.6378994,0.956359,1.1095563,1.2146307,0.017982963,-0.03619542,0.60142636,0.027765077,1.3304943,0.15192908,-1.3713998,-0.20458432
1.1872933,-1.0205802,0.97775555,0.18161574,-1.7676162,1.5107706,-2.1022444,0.008240573,0.5423216,-0.7295446,0.040654153,1.2676897,-1.0653657,-1.2947248,-1.6769923,-1.8292229,1.3028657,1.331752,-0.5616489,0.88376904,0.44377422,1.162949,-0.03656284,0.015100606,0.5101671,-0.01854064,1.5753419,-0.7962614,-1.3839356,-0.3687104
1.0310992,-0.9244455,0.9644022,-0.31037655,-1.8515913,1.54717,-2.2963827,-0.22196415,-0.45877728,-0.19023477,0.19942565,1.2831812,-1.0579439,-1.2281734,-1.1163012,-1.9867561,1.3195988,1.3531889,0.1776839,0.39089575,-0.9073092,0.82057565,-0.27993175,0.17200083,-0.2184056,-0.25284436,1.6731162,-1.0613275,-0.42602596,-0.35105032
0.94349253,-0.86146146,1.0104191,0.038842734,-1.7895423,1.5352108,-2.1246848,-0.053082325,0.22215696,-0.5448602,0.07722745,1.2945426,-1.0906364,-1.3168731,-1.4360961,-1.8699037,1.3361887,1.3638291,-0.2952103,0.7145705,0.27842095,1.048498,-0.098565474,0.037353158,0.24866308,-0.0769837,1.6274799,-0.61497486,-1.0349152,-0.33291715
0.6603137,-0.5564714,0.40381798,-0.18089797,-0.92586094,0.784212,-1.175678,-0.16819334,-0.29255134,-0.029135812,0.15296102,0.6133601,-0.4784266,-0.49228844,-0.48981306,-0.9556851,0.6177158,0.64301276,0.1253525,0.11228314,-0.5883328,0.2917671,-0.20332138,0.12532517,-0.15778843,-0.18198,0.77350855,-0.71446943,-0.20119281,-0.09939052
0.4022876,-0.34677675,0.3730745,-0.15045094,-0.777752,0.6382952,-1.0337476,-0.13139044,-0.20317341,-0.1055412,0.12993631,0.50509745,-0.4113171,-0.5682917,-0.5841805,-0.8832778,0.5217815,0.54008496,0.06707363,0.20124842,-0.34103703,0.4027733,-0.1613957,0.11416067,-0.09289412,-0.14842634,0.72080684,-0.43237233,-0.2568025,-0.12317155
-0.29473782,0.20840493,0.60600305,0.42693204,-0.94561064,0.6370467,-1.3648837,-0.029162422,1.1931181,-1.3493516,0.12749077,0.5436994,-0.51811355,-1.9262966,-3.0147545,-1.4383197,0.6722482,0.6600689,-1.0505608,1.6351829,2.364674,2.1111393,-0.084179044,0.062431306,0.99005955,-0.06641799,1.2664195,0.7981744,-2.5849242,0.013203502
1.4568025,-1.2467754,0.93000257,-0.48878103,-1.8001865,1.5502708,-2.2064087,-0.23244938,-0.8092439,0.13190337,0.20962656,1.2900009,-1.055577,-0.8914764,-0.5287378,-1.8576572,1.2904389,1.3323783,0.4516531,0.019559748,-1.8233179,0.39198253,-0.29152536,0.22179577,-0.48402125,-0.27191937,1.5465044,-1.6891434,0.14639333,-0.47592437
0.10633963,-0.14891762,0.77522624,0.1855585,-1.3350266,0.9762627,-1.8308887,-0.116879255,0.69563055,-1.0777881,0.1706312,0.8164145,-0.7282341,-1.9382484,-2.8068867,-1.7897213,0.9369362,0.9352978,-0.69186336,1.3844213,1.5430667,1.9361147,-0.19528805,0.09941291,0.6243471,-0.16050872,1.545837,0.26646137,-2.2084918,-0.098777235
0.8481973,-0.80269885,1.4298825,0.09355886,-2.5691319,2.0696566,-3.2141464,-0.018577227,0.29637465,-0.8383089,0.05834841,1.7407831,-1.4823141,-2.0611236,-2.1456418,-2.8790476,1.8457237,1.8751726,-0.42397374,1.1081824,0.46047407,1.6553677,-0.08369409,0.008856582,0.37612203,-0.05871548,2.4641566,-0.5295054,-1.382011,-0.5326181
0.9237572,-0.8090948,0.8002707,-0.2994657,-1.5289911,1.2642791,-1.9402868,-0.12419343,-0.5014921,-0.017658308,0.1218144,1.0422413,-0.87006295,-0.8751338,-0.6444953,-1.6625185,1.06961,1.0999435,0.2313176,0.14621909,-1.0362931,0.46059114,-0.17701885,0.13308565,-0.26101327,-0.16087538,1.3781238,-1.0676484,-0.10040747,-0.43335897
1.4568025,-1.2467754,0.93000257,-0.48878103,-1.8001865,1.5502708,-2.2064087,-0.23244938,-0.8092439,0.13190337,0.20962656,1.2900009,-1.055577,-0.8914764,-0.5287378,-1.8576572,1.2904389,1.3323783,0.4516531,0.019559748,-1.8233179,0.39198253,-0.29152536,0.22179577,-0.48402125,-0.27191937,1.5465044,-1.6891434,0.14639333,-0.47592437
0.71360457,-0.69339573,1.427427,0.044143807,-2.6606197,2.1098318,-3.361266,-0.09510564,0.29893175,-0.8631639,0.13310033,1.7562989,-1.4778597,-2.1999266,-2.3776417,-3.0113058,1.8761604,1.9063516,-0.40327877,1.1718428,0.59312755,1.7916757,-0.16474128,0.07822173,0.3523803,-0.13852054,2.5646455,-0.36504817,-1.533518,-0.44102013
0.7999462,-0.7562063,1.3439152,0.09290208,-2.4022474,1.9398861,-3.0052772,-0.014495319,0.28648415,-0.7922205,0.054420028,1.6325645,-1.3925849,-1.9362843,-2.0099237,-2.6944454,1.7298198,1.7577128,-0.40580216,1.0440068,0.42686185,1.5548338,-0.075168006,0.0085267695,0.36051744,-0.05248549,2.3080006,-0.50236195,-1.2971256,-0.50495315
0.2610572,-0.2265001,0.59037185,0.32136238,-0.97746456,0.7161951,-1.342268,-0.045248725,1.0157884,-1.1785794,0.13649046,0.605646,-0.5504996,-1.6836419,-2.7879753,-1.3551545,0.6989899,0.69644326,-0.9273593,1.4387262,1.7532165,1.8718132,-0.1066927,0.0970011,0.8616706,-0.08752662,1.1787922,0.15698576,-2.4057274,-0.057041943
1.3771924,-1.2300147,1.2179761,-0.010794833,-2.1842647,1.8884189,-2.5650365,-0.08172643,0.17631318,-0.5871474,0.106616616,1.595774,-1.3352312,-1.5011984,-1.6514894,-2.2317739,1.6324462,1.6687998,-0.28854427,0.7880285,0.07582457,1.1859138,-0.14214917,0.065878786,0.23039997,-0.113537766,1.9377279,-1.0240471,-1.1733848,-0.41641545
-0.48593402,0.2834435,1.2933031,0.57407767,-2.1213336,1.5035774,-2.8879304,-0.051240295,1.545228,-1.9789482,0.16931605,1.2906228,-1.1769227,-3.2318006,-4.5504246,-2.9023123,1.5176318,1.5045367,-1.4099196,2.4463346,3.402975,3.2584238,-0.14816044,0.047648393,1.3249729,-0.10758671,2.5445385,1.2924422,-3.7088296,-0.11628416
0.58023685,-0.49319515,0.45107803,-0.00070841727,-0.88830966,0.76402247,-1.1020536,-0.063740335,0.056919586,-0.22882928,0.07610739,0.6174465,-0.5065488,-0.57564986,-0.6268272,-0.9240037,0.62749803,0.64791846,-0.12427427,0.29665226,-0.050629526,0.4322951,-0.08913757,0.05096364,0.09551792,-0.07542816,0.7732868,-0.4765648,-0.44674012,-0.14674936
0.9237572,-0.8090948,0.8002707,-0.2994657,-1.5289911,1.2642791,-1.9402868,-0.12419343,-0.5014921,-0.017658308,0.1218144,1.0422413,-0.87006295,-0.8751338,-0.6444953,-1.6625185,1.06961,1.0999435,0.2313176,0.14621909,-1.0362931,0.46059114,-0.17701885,0.13308565,-0.26101327,-0.16087538,1.3781238,-1.0676484,-0.10040747,-0.43335897
0.56475276,-0.5324378,0.84790266,-0.11965764,-1.5060339,1.2204555,-1.918311,-0.063713536,-0.16228753,-0.291697,0.068973616,1.0217556,-0.8782044,-1.1591135,-1.0422918,-1.7205493,1.0811591,1.1004727,-0.019249883,0.45108,-0.14224827,0.8033755,-0.10470568,0.05933733,-0.008978065,-0.089287885,1.4624972,-0.512416,-0.5029159,-0.37342405
1.7677788,-1.6462005,1.8465574,-0.04298506,-3.0856311,2.6805727,-3.6137545,-0.08994958,-0.04577529,-0.82474697,0.06347549,2.3232388,-1.9887048,-2.2785027,-2.1687083,-3.208984,2.380553,2.421558,-0.25847772,1.1373799,-0.5660453,1.7562425,-0.16061018,-0.035414137,0.19918199,-0.114023335,2.8197567,-1.4544868,-1.2421203,-0.7269847
0.77659416,-0.7310057,1.3202903,0.08757138,-2.3849518,1.9204876,-2.9892912,-0.024061132,0.3041609,-0.77636343,0.066955864,1.611188,-1.3693705,-1.9119653,-2.0030544,-2.6764941,1.7087224,1.7367687,-0.40326726,1.025657,0.44915396,1.5313659,-0.08429878,0.025083208,0.35822013,-0.06312453,2.2885714,-0.4761828,-1.308588,-0.48316032
0.79427665,-0.7552877,1.3751363,0.09736152,-2.4572732,1.9831464,-3.0713222,-0.012864718,0.29736456,-0.8085693,0.053391203,1.6693002,-1.4238265,-1.9810951,-2.0480578,-2.7557268,1.7700756,1.7982863,-0.41399822,1.0653427,0.46772754,1.5870432,-0.074039735,0.0065433346,0.36840093,-0.0510951,2.3623502,-0.48110092,-1.3222843,-0.5121603
1.0299757,-0.92262036,1.2313352,-0.07139274,-2.2926588,1.8637468,-2.8761277,-0.059900053,-0.034981083,-0.5026535,0.082716204,1.5539626,-1.306036,-1.6090016,-1.5592662,-2.5224266,1.6255556,1.6592216,-0.1491015,0.7214215,-0.30402863,1.1869054,-0.123898916,0.059262354,0.10785502,-0.10145455,2.1290216,-0.8981507,-0.8542536,-0.5231251
1.0299757,-0.92262036,1.2313352,-0.07139274,-2.2926588,1.8637468,-2.8761277,-0.059900053,-0.034981083,-0.5026535,0.082716204,1.5539626,-1.306036,-1.6090016,-1.5592662,-2.5224266,1.6255556,1.6592216,-0.1491015,0.7214215,-0.30402863,1.1869054,-0.123898916,0.059262354,0.10785502,-0.10145455,2.1290216,-0.8981507,-0.8542536,-0.5231251
0.418648,-0.41376948,0.948213,0.30225983,-1.6265703,1.3347924,-1.9972359,0.036910493,0.72992134,-0.8758535,0.020811565,1.1269912,-0.97267795,-1.4938331,-1.8055435,-1.8174658,1.2021978,1.2182515,-0.6700832,1.0470525,1.1908888,1.3529676,0.005761443,-0.031525183,0.6294176,0.018369883,1.5891241,0.06972659,-1.4882338,-0.27378142
1.7677788,-1.6462005,1.8465574,-0.04298506,-3.0856311,2.6805727,-3.6137545,-0.08994958,-0.04577529,-0.82474697,0.06347549,2.3232388,-1.9887048,-2.2785027,-2.1687083,-3.208984,2.380553,2.421558,-0.25847772,1.1373799,-0.5660453,1.7562425,-0.16061018,-0.035414137,0.19918199,-0.114023335,2.8197567,-1.4544868,-1.2421203,-0.7269847
0.54125565,-0.46625888,0.47166923,-0.16825819,-0.9966043,0.8169702,-1.3035201,-0.14780137,-0.24366294,-0.12565778,0.14104049,0.6504617,-0.52544516,-0.66935754,-0.68675834,-1.103296,0.66897476,0.6921378,0.07729204,0.23791187,-0.48489404,0.47388503,-0.18529856,0.11939003,-0.106916696,-0.16758774,0.89910996,-0.5897772,-0.29668093,-0.16153497
0.73317564,-0.6695825,0.8072804,-0.12806869,-1.5708631,1.3073401,-1.9380512,-0.16555959,-0.14348578,-0.2981916,0.15830468,1.0733588,-0.8820365,-1.0911038,-1.1141974,-1.6727608,1.114529,1.1411903,-0.02820687,0.45650584,-0.16785097,0.7822571,-0.211199,0.113777116,-0.015377996,-0.18418376,1.4188808,-0.60726863,-0.6484754,-0.21318983
0.81548566,-0.77124256,1.376852,0.09114383,-2.4667892,1.9889019,-3.087587,-0.017558808,0.28892,-0.80943763,0.05764526,1.6733078,-1.4264475,-1.9881256,-2.0669026,-2.768175,1.774041,1.80245,-0.4113805,1.0692202,0.43714148,1.5963393,-0.08010324,0.010969259,0.3651408,-0.056652334,2.3702738,-0.51142454,-1.3316838,-0.51454127
1.1023796,-0.94660705,0.91791546,0.15280785,-1.6855351,1.4426725,-2.0138571,-0.02996999,0.43037382,-0.66496754,0.06981916,1.2052478,-1.0073757,-1.2055929,-1.4774747,-1.7276628,1.2333207,1.2626858,-0.4766661,0.80782187,0.28880197,1.0674107,-0.07527233,0.024484025,0.42788142,-0.05337514,1.4804702,-0.79785514,-1.1826432,-0.3218661
0.1759938,-0.18816537,0.60443306,-0.22226197,-1.0473415,0.7332176,-1.5550833,-0.2444136,-0.15565977,-0.5453876,0.26518893,0.6139648,-0.55903655,-1.5718783,-1.9565632,-1.5250475,0.7069972,0.70890325,-0.078299925,0.8296947,0.04640168,1.3939149,-0.32694328,0.22835584,0.026268288,-0.2960788,1.2779757,-0.2690372,-1.1503868,-0.16727102
0.5553043,-0.5703994,1.4464259,0.14073093,-2.661735,2.0926204,-3.3730476,-0.026240854,0.43797386,-0.94735545,0.073166065,1.7447957,-1.4791588,-2.2571573,-2.4419687,-3.0424,1.8779615,1.9041183,-0.50963026,1.247981,0.9377928,1.8516766,-0.09267449,0.016773297,0.46031058,-0.06774268,2.5981083,-0.15722223,-1.632135,-0.4608308
0.7087363,-0.6505781,1.0552558,0.26069593,-1.8639057,1.5421333,-2.2614963,0.0063699447,0.72709334,-0.87158567,0.0588343,1.2971449,-1.1045325,-1.5687704,-1.9183447,-2.0284252,1.3703332,1.3921098,-0.66995466,1.0543597,1.055361,1.3857034,-0.032326076,0.017476154,0.621848,-0.019331146,1.7645378,-0.20775676,-1.5876161,-0.31612378
1.2114186,-1.0677273,1.1930436,-0.17443378,-2.2132223,1.8465086,-2.7279823,-0.1371124,-0.14611329,-0.39129353,0.15652148,1.5455568,-1.2893579,-1.4934744,-1.400817,-2.3791132,1.5943118,1.6314847,-0.038941473,0.60628736,-0.63517755,1.065586,-0.19804172,0.13837948,-0.0016533621,-0.17887308,2.0182574,-1.1159625,-0.714185,-0.48973757
1.1872933,-1.0205802,0.97775555,0.18161574,-1.7676162,1.5107706,-2.1022444,0.008240573,0.5423216,-0.7295446,0.040654153,1.2676897,-1.0653657,-1.2947248,-1.6769923,-1.8292229,1.3028657,1.331752,-0.5616489,0.88376904,0.44377422,1.162949,-0.03656284,0.015100606,0.5101671,-0.01854064,1.5753419,-0.7962614,-1.3839356,-0.3687104
1.1287142,-0.9771054,0.8041092,-0.086323485,-1.5678962,1.354321,-1.8798634,-0.11886494,-0.06972457,-0.29950207,0.12094179,1.1155692,-0.91025245,-0.9421679,-1.0062618,-1.5768638,1.128427,1.1611359,-0.08185892,0.43091825,-0.37959003,0.69708943,-0.16999403,0.082173884,0.03581942,-0.1424339,1.3337084,-1.012083,-0.6502764,-0.26852065
1.1872933,-1.0205802,0.97775555,0.18161574,-1.7676162,1.5107706,-2.1022444,0.008240573,0.5423216,-0.7295446,0.040654153,1.2676897,-1.0653657,-1.2947248,-1.6769923,-1.8292229,1.3028657,1.331752,-0.5616489,0.88376904,0.44377422,1.162949,-0.03656284,0.015100606,0.5101671,-0.01854064,1.5753419,-0.7962614,-1.3839356,-0.3687104
0.93431497,-0.85592484,1.2788029,0.011134883,-2.3150725,1.8822042,-2.8974845,-0.039441116,0.123426706,-0.65733624,0.070200555,1.5798432,-1.3402772,-1.7684767,-1.7987254,-2.57299,1.6609056,1.6915528,-0.28168517,0.89484316,0.04393368,1.3852127,-0.102048576,0.033563666,0.23792733,-0.07902733,2.191121,-0.72410846,-1.0881588,-0.5163405
0.8152763,-0.76957154,1.3642178,0.088307306,-2.4454188,1.97249,-3.061145,-0.018881392,0.28407684,-0.801468,0.05902887,1.6591,-1.4140145,-1.9686148,-2.0477438,-2.7433085,1.758362,1.7867366,-0.40666837,1.058921,0.42178655,1.5812312,-0.08100425,0.012890521,0.3606705,-0.057851896,2.348325,-0.51675725,-1.3187267,-0.5106807
0.9030146,-0.84599316,1.4345827,0.061224345,-2.597168,2.0909224,-3.2552059,-0.030182138,0.23547193,-0.8066842,0.065538116,1.7557806,-1.4917213,-2.0513008,-2.1255755,-2.906253,1.8591566,1.8899814,-0.38314202,1.0792788,0.34603065,1.6351503,-0.09806811,0.017838271,0.33473855,-0.07162764,2.4807038,-0.6130645,-1.3384215,-0.5444273
0.31192636,-0.29661477,0.56305295,-0.045117255,-1.0811814,0.8721088,-1.3926641,-0.10451518,0.00444916,-0.3032092,0.11563026,0.70831466,-0.5925995,-0.8769745,-0.9339856,-1.2289815,0.7520533,0.76922643,-0.11232866,0.4228268,0.1648182,0.6660958,-0.13495085,0.08799578,0.08177631,-0.12025149,1.0363237,-0.2082549,-0.58566195,-0.1557718
-2.4128516,2.2224002,-2.1297557,-0.35232377,3.722497,-3.3946512,3.8749447,-0.36703277,-0.24941662,0.21197754,0.42806843,-2.9265823,2.4261174,0.6949997,-0.5725213,3.064263,-2.888206,-2.9631343,0.3028872,-0.105924375,1.1209728,0.07864508,-0.41549528,0.49319735,-0.32197285,-0.42751032,-2.7234802,1.6435112,-0.31324026,1.177176
1.7677788,-1.6462005,1.8465574,-0.04298506,-3.0856311,2.6805727,-3.6137545,-0.08994958,-0.04577529,-0.82474697,0.06347549,2.3232388,-1.9887048,-2.2785027,-2.1687083,-3.208984,2.380553,2.421558,-0.25847772,1.1373799,-0.5660453,1.7562425,-0.16061018,-0.035414137,0.19918199,-0.114023335,2.8197567,-1.4544868,-1.2421203,-0.7269847
-0.09155208,-0.031469107,1.0053786,0.24864894,-1.5697147,1.1457253,-2.1333947,-0.11892391,0.84726286,-1.384072,0.1855337,0.9935127,-0.92014223,-2.4620545,-3.3810198,-2.144373,1.1506977,1.1400034,-0.86154884,1.7654828,2.100963,2.4467103,-0.2004337,0.09360941,0.7853418,-0.16437632,1.8892308,0.6340859,-2.6174047,-0.15006864
0.62426955,-0.5635594,0.82537365,-0.03442284,-1.5868242,1.281887,-2.0232573,-0.09058208,0.055172388,-0.43105286,0.10624455,1.0517899,-0.87657917,-1.1972573,-1.2688575,-1.7676432,1.1050221,1.1304084,-0.16177778,0.6001614,0.010914408,0.9430753,-0.13704029,0.0702798,0.12543528,-0.11750711,1.4844072,-0.46871832,-0.7762756,-0.28466067
-0.39757437,0.2796029,0.6000005,0.36163074,-0.83739626,0.53624403,-1.2564943,-0.0631191,1.0554836,-1.3516918,0.15974024,0.48043883,-0.48968267,-2.0135295,-3.159125,-1.4065826,0.621424,0.60166085,-1.002516,1.6628491,2.4166343,2.1829643,-0.12888604,0.09975667,0.93639314,-0.10578482,1.2551876,0.86955047,-2.660371,0.012508243
-0.007837117,-0.072446644,0.8500745,0.14965728,-1.4364654,1.0391982,-1.985703,-0.15434694,0.6456075,-1.1326654,0.20429148,0.8763392,-0.78998524,-2.1287751,-2.9536138,-1.9507859,1.0112724,1.0077252,-0.66562384,1.4739959,1.5955286,2.0923772,-0.23582008,0.12075098,0.5974384,-0.19858068,1.6861748,0.41954046,-2.2332125,-0.11229524
0.8024409,-0.7595629,1.3653086,0.09383179,-2.4462109,1.9723723,-3.062148,-0.017416492,0.29510707,-0.8088723,0.058155112,1.6590426,-1.4142092,-1.9754639,-2.0579908,-2.7457092,1.7591097,1.7873127,-0.41418487,1.0667976,0.44897687,1.5894086,-0.07932732,0.011356351,0.36815703,-0.056225285,2.3511267,-0.49781004,-1.3305267,-0.50816506
0.59741163,-0.53107965,0.5452223,-0.0007269881,-0.98801905,0.8572434,-1.1951174,-0.048927017,0.10631711,-0.27517524,0.069564424,0.70915884,-0.59737873,-0.6825315,-0.7582549,-1.0355148,0.7275951,0.74617887,-0.16636315,0.35559148,0.1222503,0.51702434,-0.07252959,0.0551972,0.13578013,-0.06285483,0.88915825,-0.4359156,-0.558601,-0.20624231
1.1872933,-1.0205802,0.97775555,0.18161574,-1.7676162,1.5107706,-2.1022444,0.008240573,0.5423216,-0.7295446,0.040654153,1.2676897,-1.0653657,-1.2947248,-1.6769923,-1.8292229,1.3028657,1.331752,-0.5616489,0.88376904,0.44377422,1.162949,-0.03656284,0.015100606,0.5101671,-0.01854064,1.5753419,-0.7962614,-1.3839356,-0.3687104
0.65625024,-0.61953723,1.1291537,0.086435065,-2.0830774,1.67347,-2.6292474,-0.03474407,0.28656515,-0.6709251,0.0665719,1.3928393,-1.1777694,-1.6404221,-1.7354223,-2.3399982,1.4779305,1.504815,-0.35691434,0.8846307,0.39998937,1.3132833,-0.08885113,0.019184442,0.3163425,-0.06678004,1.9903103,-0.36281553,-1.1507608,-0.39169168
0.99479246,-0.9289048,1.3872225,0.07368033,-2.4284215,2.035189,-2.9004939,-0.1114112,0.5063432,-0.8409432,0.16829118,1.7300906,-1.4673811,-1.9447335,-2.1182399,-2.603574,1.8127079,1.8419759,-0.49072096,1.0909476,0.8665145,1.5782818,-0.15887158,0.11984783,0.43627355,-0.14346948,2.278728,-0.43706888,-1.556352,-0.4074155
0.99479246,-0.9289048,1.3872225,0.07368033,-2.4284215,2.035189,-2.9004939,-0.1114112,0.5063432,-0.8409432,0.16829118,1.7300906,-1.4673811,-1.9447335,-2.1182399,-2.603574,1.8127079,1.8419759,-0.49072096,1.0909476,0.8665145,1.5782818,-0.15887158,0.11984783,0.43627355,-0.14346948,2.278728,-0.43706888,-1.556352,-0.4074155
0.2610572,-0.2265001,0.59037185,0.32136238,-0.97746456,0.7161951,-1.342268,-0.045248725,1.0157884,-1.1785794,0.13649046,0.605646,-0.5504996,-1.6836419,-2.7879753,-1.3551545,0.6989899,0.69644326,-0.9273593,1.4387262,1.7532165,1.8718132,-0.1066927,0.0970011,0.8616706,-0.08752662,1.1787922,0.15698576,-2.4057274,-0.057041943
1.3771924,-1.2300147,1.2179761,-0.010794833,-2.1842647,1.8884189,-2.5650365,-0.08172643,0.17631318,-0.5871474,0.106616616,1.595774,-1.3352312,-1.5011984,-1.6514894,-2.2317739,1.6324462,1.6687998,-0.28854427,0.7880285,0.07582457,1.1859138,-0.14214917,0.065878786,0.23039997,-0.113537766,1.9377279,-1.0240471,-1.1733848,-0.41641545
0.022479415,-0.085593045,0.7226378,0.05440454,-1.2280017,0.8781781,-1.7288699,-0.19305465,0.43558818,-0.96152854,0.22908086,0.73660207,-0.66681975,-1.8912987,-2.650762,-1.7033687,0.8561854,0.8521264,-0.5126238,1.2767516,1.2948428,1.8512816,-0.27156124,0.15261674,0.44658017,-0.233877,1.4660734,0.29921076,-1.9565228,-0.08095312
0.22650975,-0.20267522,0.6248293,0.35766742,-0.99713075,0.72296464,-1.37876,-0.037291303,1.0938497,-1.284751,0.13607453,0.6210396,-0.5747094,-1.8118199,-3.0135581,-1.4179871,0.7239206,0.71833783,-1.0090474,1.5649159,1.9122612,2.0255146,-0.1060181,0.09243971,0.93891835,-0.08401828,1.2404047,0.21268487,-2.6125054,-0.062052906
0.5674307,-0.47567517,0.3242221,-0.20757614,-0.6971423,0.59838545,-0.91761184,-0.12318474,-0.3507815,0.059485234,0.112200305,0.47176176,-0.37902376,-0.34581026,-0.24102329,-0.75079525,0.46859714,0.4906631,0.1892193,0.0019360902,-0.7557719,0.15063015,-0.1516219,0.10806672,-0.21016027,-0.13970667,0.5991869,-0.66741794,0.033727944,-0.16183129
0.3397576,-0.33460486,0.72448885,0.14801794,-1.2894623,1.0482981,-1.6128063,-0.027237661,0.4044343,-0.6098803,0.06644276,0.8718512,-0.74653924,-1.1788578,-1.4173496,-1.4621216,0.93346936,0.9474404,-0.4251435,0.75555956,0.7979894,1.024767,-0.05590459,0.030091308,0.38783586,-0.04357212,1.2655554,-0.027388677,-1.0982085,-0.19347996
-0.40331483,0.29330438,0.46671772,0.28354424,-0.6507778,0.3961841,-1.0260946,-0.073541254,0.8629967,-1.1238338,0.14852393,0.3492787,-0.3658945,-1.7059335,-2.6649911,-1.156466,0.47009444,0.4528674,-0.8130924,1.390008,2.013435,1.8400165,-0.13022631,0.09273447,0.75623477,-0.10868083,1.0254627,0.77410126,-2.2246444,0.036139905
0.3399213,-0.29189128,0.28917035,-0.11135867,-0.5967277,0.51269794,-0.7733521,-0.11812547,-0.13940461,-0.06847268,0.11784165,0.4043271,-0.32800218,-0.4110978,-0.3997169,-0.6516357,0.41180348,0.42791227,0.049939413,0.1312322,-0.16063894,0.26553568,-0.13668291,0.09899672,-0.07248613,-0.12664314,0.53817403,-0.28719807,-0.1886415,-0.063306004
-0.2518736,0.21500844,0.12759411,-0.09833745,-0.2959199,0.06304443,-0.7026706,-0.24289535,0.119193174,-0.63111055,0.2828238,0.021796584,-0.04509759,-1.3144584,-2.1959615,-0.8016063,0.117815614,0.104795456,-0.2543015,0.90059155,0.85605156,1.4014933,-0.3325457,0.24683721,0.18942928,-0.2983597,0.64485466,0.21568006,-1.5656142,0.16749027
-0.33135372,0.2939118,-0.08038008,-0.22290772,0.035071254,-0.21774542,-0.33418894,-0.29241282,-0.16640264,-0.4242202,0.31454355,-0.22142649,0.16606587,-1.0283582,-1.8133098,-0.4599229,-0.14139473,-0.15641129,-0.04323639,0.670189,0.3954405,1.1367484,-0.3778727,0.2854552,-0.016539592,-0.3448017,0.3308817,0.124522984,-1.1546019,0.23687865
0.7087363,-0.6505781,1.0552558,0.26069593,-1.8639057,1.5421333,-2.2614963,0.0063699447,0.72709334,-0.87158567,0.0588343,1.2971449,-1.1045325,-1.5687704,-1.9183447,-2.0284252,1.3703332,1.3921098,-0.66995466,1.0543597,1.055361,1.3857034,-0.032326076,0.017476154,0.621848,-0.019331146,1.7645378,-0.20775676,-1.5876161,-0.31612378
-0.16170269,0.057446003,0.87359536,0.11688949,-1.4872423,1.0422091,-2.1155899,-0.14874083,0.49425822,-1.1103612,0.19772464,0.87822914,-0.79884785,-2.2074747,-2.919485,-2.0853395,1.0256827,1.0226843,-0.60143316,1.4630219,1.2773535,2.1181557,-0.2321693,0.120144844,0.5407995,-0.19683135,1.780845,0.3804924,-2.0719705,-0.16151863
-0.27813286,0.124994576,1.1652253,0.44677526,-1.8369106,1.3349587,-2.457848,-0.11596514,1.4442922,-1.7999245,0.23976588,1.162027,-1.0671227,-2.9349813,-4.143593,-2.4962015,1.3545563,1.3410668,-1.264383,2.2345893,3.2520201,2.9887152,-0.19525205,0.13716702,1.181112,-0.16769245,2.2170262,1.106534,-3.4097204,-0.0730896
1.1872933,-1.0205802,0.97775555,0.18161574,-1.7676162,1.5107706,-2.1022444,0.008240573,0.5423216,-0.7295446,0.040654153,1.2676897,-1.0653657,-1.2947248,-1.6769923,-1.8292229,1.3028657,1.331752,-0.5616489,0.88376904,0.44377422,1.162949,-0.03656284,0.015100606,0.5101671,-0.01854064,1.5753419,-0.7962614,-1.3839356,-0.3687104
1.7677788,-1.6462005,1.8465574,-0.04298506,-3.0856311,2.6805727,-3.6137545,-0.08994958,-0.04577529,-0.82474697,0.06347549,2.3232388,-1.9887048,-2.2785027,-2.1687083,-3.208984,2.380553,2.421558,-0.25847772,1.1373799,-0.5660453,1.7562425,-0.16061018,-0.035414137,0.19918199,-0.114023335,2.8197567,-1.4544868,-1.2421203,-0.7269847
0.5947298,-0.55558693,0.96164954,0.22354782,-1.7354536,1.4290568,-2.1229188,5.122414e-05,0.61604863,-0.75865227,0.050649785,1.192678,-1.0090575,-1.4261041,-1.6927696,-1.8910916,1.26036,1.282335,-0.56091654,0.92330235,0.96357065,1.2283797,-0.037457645,0.0036583543,0.517822,-0.021787953,1.6368343,-0.14669001,-1.3772308,-0.27580708
-0.13158506,0.019765139,0.9111899,0.12374348,-1.5888656,1.1204883,-2.2207334,-0.21886067,0.59748775,-1.2468553,0.26752016,0.93827367,-0.8403489,-2.3845303,-3.3050318,-2.1780744,1.0955713,1.0904241,-0.69214094,1.6367028,1.7695572,2.3439786,-0.30703717,0.16842377,0.6148253,-0.2646279,1.872553,0.5506594,-2.4423902,-0.066084296
0.87371266,-0.8112499,1.3280045,0.05393241,-2.3932304,1.9357042,-2.997596,-0.028238807,0.21394373,-0.7410995,0.06412409,1.6259977,-1.3828603,-1.8842466,-1.946675,-2.6740396,1.7174746,1.7468307,-0.35257316,0.99092793,0.24464521,1.5007619,-0.09098163,0.02163067,0.30738956,-0.06760508,2.2826371,-0.61853194,-1.2223622,-0.51520044
-0.35684073,0.21254197,0.9108535,0.3083101,-1.5280434,1.059202,-2.1709795,-0.062311966,0.84189034,-1.3422745,0.13280043,0.8943924,-0.8191245,-2.3783405,-3.2270474,-2.1667194,1.0583541,1.0514629,-0.85928965,1.7029103,1.889991,2.3572643,-0.1414758,0.04559057,0.79807657,-0.109472066,1.8623656,0.71698225,-2.4215121,-0.14205277
-1.4814267,1.3189824,-1.0566592,-0.27551952,2.0137367,-1.8730967,2.002623,-0.28032464,-0.16961035,-0.08377362,0.3421771,-1.5857997,1.2677584,-0.16169327,-1.0346036,1.4352139,-1.5254827,-1.5796292,0.12332274,0.23739639,1.0787537,0.5319715,-0.33169124,0.3826431,-0.156061,-0.33424217,-1.2547477,1.070883,-0.6064857,0.64927894
0.7617034,-0.7015992,0.866236,-0.14607945,-1.6501904,1.3693888,-2.032761,-0.1885998,-0.15293227,-0.34908596,0.18541656,1.1314465,-0.93767637,-1.2050818,-1.2604513,-1.7689551,1.1787386,1.2043465,-0.0442351,0.5274819,-0.11786847,0.8920562,-0.23859036,0.13744982,-0.0040919483,-0.2102076,1.5085552,-0.6566112,-0.74048615,-0.23190168
0.85155356,-0.79267937,1.3012307,0.05962613,-2.3276095,1.8896787,-2.9063299,-0.019817501,0.21313602,-0.71967083,0.05552949,1.590399,-1.3549739,-1.8306994,-1.8715178,-2.5959125,1.6783955,1.7068717,-0.346423,0.9588312,0.25350168,1.4491547,-0.07933957,0.014998902,0.30308753,-0.057352956,2.221022,-0.59538245,-1.1749425,-0.5068015
0.8789676,-0.86553866,1.8307586,0.25277448,-3.2448676,2.5976474,-4.0433936,-0.0004058932,0.6384684,-1.264236,0.06037443,2.1974025,-1.8803247,-2.762013,-2.9982975,-3.655618,2.3457396,2.3771014,-0.73671377,1.6211859,1.089586,2.3173368,-0.077184334,-0.023288423,0.675963,-0.04527903,3.1503167,-0.3613129,-2.0744176,-0.61262965
0.85155356,-0.79267937,1.3012307,0.05962613,-2.3276095,1.8896787,-2.9063299,-0.019817501,0.21313602,-0.71967083,0.05552949,1.590399,-1.3549739,-1.8306994,-1.8715178,-2.5959125,1.6783955,1.7068717,-0.346423,0.9588312,0.25350168,1.4491547,-0.07933957,0.014998902,0.30308753,-0.057352956,2.221022,-0.59538245,-1.1749425,-0.5068015
0.82533133,-0.70554215,0.54112256,-0.2988642,-1.1849722,0.9910091,-1.5089259,-0.2254373,-0.4903461,0.013585338,0.20203727,0.78987104,-0.6265861,-0.6515467,-0.56951445,-1.2473824,0.800157,0.82990557,0.2461242,0.10506447,-0.9286465,0.36727533,-0.27150396,0.17769285,-0.28117004,-0.24699603,1.0154264,-0.93025005,-0.12376447,-0.16904409
0.81548566,-0.77124256,1.376852,0.09114383,-2.4667892,1.9889019,-3.087587,-0.017558808,0.28892,-0.80943763,0.05764526,1.6733078,-1.4264475,-1.9881256,-2.0669026,-2.768175,1.774041,1.80245,-0.4113805,1.0692202,0.43714148,1.5963393,-0.08010324,0.010969259,0.3651408,-0.056652334,2.3702738,-0.51142454,-1.3316838,-0.51454127
-0.09193641,0.018030822,0.54243886,-0.10975144,-0.8916348,0.59989583,-1.3483107,-0.20326498,-0.019106418,-0.6400609,0.21127975,0.5028126,-0.4752336,-1.5509477,-2.0338168,-1.363102,0.60624653,0.6002174,-0.20410071,0.9128576,0.43226516,1.43577,-0.2766388,0.15482473,0.15221423,-0.24168086,1.156198,0.074995816,-1.3106233,-0.108080775
0.7817451,-0.7428829,1.3574288,0.10600178,-2.4263215,1.9567727,-3.0355213,-0.012267645,0.31525353,-0.8184722,0.053521305,1.6466326,-1.4047347,-1.9711063,-2.0579717,-2.724199,1.7467809,1.7744398,-0.42771852,1.07435,0.49089712,1.5915871,-0.072894335,0.0053965766,0.38196367,-0.050082207,2.334732,-0.46671903,-1.3411261,-0.501989
1.1023796,-0.94660705,0.91791546,0.15280785,-1.6855351,1.4426725,-2.0138571,-0.02996999,0.43037382,-0.66496754,0.06981916,1.2052478,-1.0073757,-1.2055929,-1.4774747,-1.7276628,1.2333207,1.2626858,-0.4766661,0.80782187,0.28880197,1.0674107,-0.07527233,0.024484025,0.42788142,-0.05337514,1.4804702,-0.79785514,-1.1826432,-0.3218661
-0.033511817,-0.008300602,0.44136676,-0.18703899,-0.74414337,0.48092818,-1.1884038,-0.22135617,-0.12848392,-0.5006984,0.23506403,0.39841735,-0.38070387,-1.3724747,-1.7844353,-1.2083697,0.4876917,0.48456556,-0.08949982,0.75483435,0.18046743,1.2537192,-0.29278752,0.20092577,0.042806037,-0.26414242,1.0076064,-0.06564909,-1.0773692,-0.099850446
0.42184618,-0.40378672,0.8174958,0.13420177,-1.4902035,1.2094812,-1.8843313,-0.011173196,0.34920064,-0.58398485,0.04327965,1.0029935,-0.8506991,-1.2374253,-1.3776689,-1.6839905,1.0639249,1.0842017,-0.37084344,0.7375021,0.52140945,1.0333909,-0.047386624,0.0011921059,0.33715296,-0.032209896,1.4376473,-0.1312784,-0.99546593,-0.26419473
0.80770457,-0.7624312,1.351738,0.08421032,-2.4240232,1.9544101,-3.036267,-0.01945359,0.27640596,-0.79087764,0.05919991,1.6434221,-1.4007636,-1.9510131,-2.026672,-2.7207236,1.7419899,1.7701545,-0.3989289,1.0461944,0.4104678,1.5649663,-0.08122047,0.013959314,0.35329452,-0.05830993,2.3283136,-0.51479936,-1.3015238,-0.5079281
0.6992887,-0.69738257,1.511431,0.22904915,-2.6710129,2.183092,-3.2464824,-0.09322233,0.7894565,-1.1449355,0.16177745,1.8481666,-1.569227,-2.3411293,-2.6894813,-2.9428267,1.9655879,1.9928048,-0.73379654,1.4476265,1.5117712,2.0147176,-0.14530839,0.08615896,0.6735987,-0.1254612,2.5723708,0.0010516346,-2.0447092,-0.35214323
1.1872933,-1.0205802,0.97775555,0.18161574,-1.7676162,1.5107706,-2.1022444,0.008240573,0.5423216,-0.7295446,0.040654153,1.2676897,-1.0653657,-1.2947248,-1.6769923,-1.8292229,1.3028657,1.331752,-0.5616489,0.88376904,0.44377422,1.162949,-0.03656284,0.015100606,0.5101671,-0.01854064,1.5753419,-0.7962614,-1.3839356,-0.3687104
0.6488837,-0.55777735,0.49812958,-0.23756814,-1.0889482,0.8938488,-1.4115512,-0.20116584,-0.3623773,-0.07242602,0.18614899,0.7076983,-0.56391996,-0.688181,-0.6900375,-1.1817414,0.725931,0.7513073,0.15445505,0.19518615,-0.6558737,0.45488584,-0.24486552,0.15996553,-0.18905596,-0.22257034,0.96129775,-0.72830594,-0.25995475,-0.14742477
1.2997936,-1.2436364,1.7679992,-0.010269392,-3.072859,2.5781467,-3.6929107,-0.09436795,0.07638696,-0.85334456,0.08705867,2.2025938,-1.8732976,-2.361725,-2.3210728,-3.2996497,2.2959387,2.3326612,-0.30675158,1.1766418,-0.011369128,1.8271468,-0.16516286,0.0029424531,0.25025305,-0.12487192,2.8699667,-0.9374403,-1.3831567,-0.6272198
0.34057623,-0.34320372,0.8577336,0.2973836,-1.4559181,1.1965028,-1.7910045,0.045503277,0.6974123,-0.8235658,0.008755343,1.0107194,-0.8761473,-1.371933,-1.661295,-1.637629,1.0801138,1.0940089,-0.6385167,0.9782391,1.1365813,1.252114,0.018920075,-0.0412151,0.6013301,0.029752795,1.4345528,0.119935006,-1.3774923,-0.24695121
0.8205669,-0.7702337,1.3301525,0.07189183,-2.3888998,1.9274777,-2.9939783,-0.022503,0.24932225,-0.76515985,0.060665928,1.6202534,-1.3803877,-1.9112821,-1.9788288,-2.6796715,1.7157552,1.7440327,-0.37791827,1.0162412,0.35188085,1.5275412,-0.084176145,0.017131673,0.33275902,-0.061317056,2.2910945,-0.54440516,-1.2599018,-0.5047287
-0.33812216,0.2360678,0.65964365,0.46808758,-1.0115005,0.6835003,-1.45076,-0.014665395,1.2665497,-1.4341683,0.11727743,0.5885248,-0.5639601,-2.0434399,-3.1640604,-1.5318644,0.72634286,0.7124634,-1.1192508,1.7331953,2.5165133,2.2289913,-0.07078329,0.047985844,1.0565138,-0.05228563,1.3537998,0.8808798,-2.718862,0.002154708
-0.22943807,0.1172145,1.0072079,0.51960695,-1.6699243,1.1876097,-2.2855961,-0.0487865,1.3573953,-1.7242023,0.15139511,1.0111464,-0.91958404,-2.6305041,-3.867133,-2.2798274,1.1843607,1.1756272,-1.2679948,2.1070101,2.725273,2.7579782,-0.1301029,0.045613624,1.1897941,-0.09463799,1.9898034,0.8486279,-3.211833,-0.0721671
0.5283086,-0.5257992,1.1162727,0.14982356,-1.9793761,1.6053507,-2.470735,-0.004038422,0.38119024,-0.7541533,0.038381286,1.3482944,-1.1518229,-1.6753856,-1.8042928,-2.2296484,1.4337991,1.4559839,-0.43887717,0.9674017,0.6483732,1.3862454,-0.050267007,-0.013618737,0.39916688,-0.030617703,1.9204733,-0.18322042,-1.24562,-0.37634414
0.20636553,-0.1876123,0.62320614,0.36425748,-0.9878824,0.71570337,-1.3664162,-0.029897064,1.0953927,-1.2796564,0.12764746,0.61532485,-0.57125676,-1.8014989,-2.9806921,-1.4065173,0.7182297,0.71232486,-1.0086045,1.5560114,1.9184144,2.0101812,-0.095956266,0.08442533,0.93944204,-0.07490061,1.2318798,0.23828173,-2.586444,-0.063539445
0.58436096,-0.52949333,0.6959965,0.10822696,-1.2193334,1.0282774,-1.4887319,-0.022424696,0.32299107,-0.5205907,0.05715667,0.86123216,-0.73591614,-1.0112985,-1.2196356,-1.3312054,0.9011975,0.91834104,-0.37199223,0.6418947,0.460791,0.866089,-0.049151108,0.033567257,0.335897,-0.038194664,1.1536802,-0.31126368,-0.95482695,-0.2379509
0.81521446,-0.7694195,1.3633106,0.08803835,-2.4438944,1.9713012,-3.0592566,-0.018886266,0.2834741,-0.80063504,0.05899532,1.658066,-1.413113,-1.9670823,-2.0459678,-2.7415247,1.757234,1.7856053,-0.4060992,1.0579011,0.42046806,1.5798758,-0.08097441,0.012930362,0.36012775,-0.05784091,2.3467565,-0.51717913,-1.3173155,-0.5104679
0.8626861,-0.81727016,1.4581522,0.09582699,-2.6226153,2.1118705,-3.2799273,-0.017957697,0.300726,-0.8531722,0.057386905,1.776246,-1.5118606,-2.0994167,-2.185183,-2.9371257,1.8835225,1.9134698,-0.43064952,1.1280679,0.47710836,1.6854478,-0.08432742,0.0065058935,0.38202626,-0.058542278,2.513709,-0.5352496,-1.40697,-0.5423298
-0.39781708,0.27643907,0.77043164,0.49990073,-1.2788874,0.8707751,-1.7997148,-0.03234163,1.37134,-1.5628676,0.14058752,0.7330159,-0.67518777,-2.3002362,-3.5193613,-1.8441803,0.8922816,0.8801295,-1.1987109,1.9018269,2.8591876,2.4731357,-0.09591323,0.0587581,1.1300974,-0.07347204,1.6147758,1.0293759,-2.9863026,0.021761596
0.79427665,-0.7552877,1.3751363,0.09736152,-2.4572732,1.9831464,-3.0713222,-0.012864718,0.29736456,-0.8085693,0.053391203,1.6693002,-1.4238265,-1.9810951,-2.0480578,-2.7557268,1.7700756,1.7982863,-0.41399822,1.0653427,0.46772754,1.5870432,-0.074039735,0.0065433346,0.36840093,-0.0510951,2.3623502,-0.48110092,-1.3222843,-0.5121603
-0.22569716,0.08215761,1.0793346,0.34120205,-1.7932724,1.2832354,-2.4433796,-0.11692826,1.072381,-1.5667244,0.20044184,1.0934905,-0.9900708,-2.7264183,-3.8932106,-2.445082,1.2792506,1.2690672,-1.0371073,1.9856572,2.5627506,2.7287135,-0.21604112,0.10042188,0.951915,-0.17251062,2.1382713,0.8200135,-3.1071694,-0.089231074
1.7677788,-1.6462005,1.8465574,-0.04298506,-3.0856311,2.6805727,-3.6137545,-0.08994958,-0.04577529,-0.82474697,0.06347549,2.3232388,-1.9887048,-2.2785027,-2.1687083,-3.208984,2.380553,2.421558,-0.25847772,1.1373799,-0.5660453,1.7562425,-0.16061018,-0.035414137,0.19918199,-0.114023335,2.8197567,-1.4544868,-1.2421203,-0.7269847
1.0299757,-0.92262036,1.2313352,-0.07139274,-2.2926588,1.8637468,-2.8761277,-0.059900053,-0.034981083,-0.5026535,0.082716204,1.5539626,-1.306036,-1.6090016,-1.5592662,-2.5224266,1.6255556,1.6592216,-0.1491015,0.7214215,-0.30402863,1.1869054,-0.123898916,0.059262354,0.10785502,-0.10145455,2.1290216,-0.8981507,-0.8542536,-0.5231251
0.4130888,-0.33695963,0.23450899,-0.15169793,-0.5747844,0.4836429,-0.77825636,-0.12350805,-0.24990532,0.025985783,0.11583656,0.36464635,-0.2822727,-0.29707983,-0.25696456,-0.6271632,0.3649104,0.3850244,0.12341784,0.024378236,-0.5001385,0.14061803,-0.14781582,0.104209386,-0.14514,-0.13558705,0.49047074,-0.47953045,-0.04871263,-0.07828385
-0.18443346,0.07722974,0.70500755,0.08256823,-1.0895411,0.7473029,-1.5722008,-0.1939809,0.48459744,-1.0922866,0.24504882,0.64778805,-0.6178515,-2.0353923,-2.9531002,-1.6400647,0.78446895,0.7710937,-0.61016846,1.4304787,1.6242815,2.0411386,-0.279595,0.16954228,0.5354687,-0.23993945,1.4385067,0.4640035,-2.252051,-0.043016374
0.18756735,-0.1775477,0.6831969,0.40006492,-1.0597149,0.7618922,-1.4690027,-0.029680772,1.1886129,-1.4146702,0.13752638,0.6635691,-0.6221478,-1.9877225,-3.2943478,-1.5311277,0.77925414,0.77070916,-1.1052529,1.7213744,2.1209285,2.222299,-0.10668878,0.08825151,1.0293491,-0.0815056,1.3461348,0.28713334,-2.8586192,-0.070004106
-0.38745934,0.2887324,0.29952323,-0.0012500063,-0.42899442,0.20430028,-0.8025799,-0.22128335,0.30909127,-0.7922082,0.26234087,0.1768316,-0.20798767,-1.4597846,-2.24509,-0.92810726,0.28098065,0.26562667,-0.40716302,1.0558873,1.2891351,1.5279431,-0.2893033,0.20448604,0.349565,-0.2589505,0.79947174,0.53429955,-1.7077863,0.102492675
-0.5445476,0.3470963,1.0991412,0.523834,-1.8438364,1.2910212,-2.546396,-0.051617913,1.3530017,-1.7805475,0.14830613,1.0938815,-0.9926291,-2.8799973,-4.0499644,-2.5484228,1.2949972,1.2846172,-1.2570899,2.2022004,2.9544468,2.935519,-0.1300415,0.030232538,1.1835047,-0.09552981,2.2187939,1.2137507,-3.2399392,-0.072034895
1.7677788,-1.6462005,1.8465574,-0.04298506,-3.0856311,2.6805727,-3.6137545,-0.08994958,-0.04577529,-0.82474697,0.06347549,2.3232388,-1.9887048,-2.2785027,-2.1687083,-3.208984,2.380553,2.421558,-0.25847772,1.1373799,-0.5660453,1.7562425,-0.16061018,-0.035414137,0.19918199,-0.114023335,2.8197567,-1.4544868,-1.2421203,-0.7269847
0.0952816,-0.09833974,0.3983352,-0.19144285,-0.7223674,0.4729458,-1.1595514,-0.19427447,-0.17444572,-0.40319347,0.21006408,0.38164175,-0.35443223,-1.1929085,-1.5532308,-1.1400723,0.4552192,0.45735568,-0.049245708,0.62287784,-0.09499848,1.0662831,-0.26902354,0.18438558,0.0048242286,-0.24066901,0.93016315,-0.28201497,-0.918031,-0.12744862
1.0628846,-0.94258136,0.9037713,-0.4447699,-1.7929981,1.4782319,-2.257118,-0.28750208,-0.7139678,-0.038646236,0.25155017,1.2162001,-0.99645066,-1.1407634,-0.9630426,-1.9381257,1.2529227,1.2857727,0.35276896,0.24092321,-1.2422373,0.6892642,-0.3503027,0.23151498,-0.3945601,-0.3204505,1.614311,-1.2453672,-0.2086114,-0.33331406
0.9750663,-0.88380224,0.9413878,-0.052490167,-1.7004188,1.4596289,-2.0260773,-0.10636456,0.03758833,-0.42646152,0.12210805,1.225856,-1.0269783,-1.2025148,-1.2814909,-1.7698524,1.2608068,1.2888966,-0.17292024,0.5892522,0.0128405765,0.9161761,-0.15183721,0.087698236,0.1250904,-0.12933241,1.5320091,-0.7548807,-0.8575471,-0.3002458
0.89118636,-0.826057,1.3185645,0.040301252,-2.3776834,1.9264938,-2.97658,-0.03276773,0.18624449,-0.716867,0.06761698,1.61846,-1.3755699,-1.8569142,-1.9083109,-2.6540258,1.7073123,1.7371978,-0.3321263,0.9638334,0.1933493,1.4701484,-0.09573383,0.027457166,0.28721157,-0.07259999,2.2650309,-0.64482796,-1.1868243,-0.51671493
1.1872933,-1.0205802,0.97775555,0.18161574,-1.7676162,1.5107706,-2.1022444,0.008240573,0.5423216,-0.7295446,0.040654153,1.2676897,-1.0653657,-1.2947248,-1.6769923,-1.8292229,1.3028657,1.331752,-0.5616489,0.88376904,0.44377422,1.162949,-0.03656284,0.015100606,0.5101671,-0.01854064,1.5753419,-0.7962614,-1.3839356,-0.3687104
1.9224545,-1.6923103,1.693968,-0.3420955,-3.0954914,2.6362793,-3.7183378,-0.2451364,-0.38499054,-0.41908947,0.25216392,2.2322307,-1.8566056,-1.987673,-1.7287241,-3.2349439,2.279261,2.3327742,0.09540198,0.7151305,-1.237975,1.3538336,-0.3249652,0.22332346,-0.14659326,-0.2969874,2.7701368,-1.8168559,-0.75653553,-0.6713564
0.2610572,-0.2265001,0.59037185,0.32136238,-0.97746456,0.7161951,-1.342268,-0.045248725,1.0157884,-1.1785794,0.13649046,0.605646,-0.5504996,-1.6836419,-2.7879753,-1.3551545,0.6989899,0.69644326,-0.9273593,1.4387262,1.7532165,1.8718132,-0.1066927,0.0970011,0.8616706,-0.08752662,1.1787922,0.15698576,-2.4057274,-0.057041943
-3.3335156,2.9637077,-2.0172062,-0.16375445,3.6768312,-3.5558827,3.5701299,-0.34605646,0.31839392,-0.4709319,0.48249325,-3.040489,2.4568393,-0.4247719,-2.287427,2.5315983,-2.88522,-2.9905019,-0.16407563,0.77088636,2.7902925,1.3209741,-0.43237102,0.55370736,0.12542188,-0.44784075,-2.2475753,2.6445658,-1.6002381,1.2782545
0.518697,-0.43698576,0.29125726,-0.12390844,-0.62352526,0.5558282,-0.7798163,-0.1141586,-0.19217703,-0.009639751,0.114604644,0.43715972,-0.34841445,-0.30484065,-0.26477423,-0.62702906,0.43156224,0.4512851,0.0730737,0.052091286,-0.39066425,0.15092401,-0.13538077,0.10062882,-0.09694609,-0.12408852,0.5109823,-0.56905496,-0.106434695,-0.098518565
1.0299757,-0.92262036,1.2313352,-0.07139274,-2.2926588,1.8637468,-2.8761277,-0.059900053,-0.034981083,-0.5026535,0.082716204,1.5539626,-1.306036,-1.6090016,-1.5592662,-2.5224266,1.6255556,1.6592216,-0.1491015,0.7214215,-0.30402863,1.1869054,-0.123898916,0.059262354,0.10785502,-0.10145455,2.1290216,-0.8981507,-0.8542536,-0.5231251
-0.6544261,0.48842165,0.5143697,0.3945213,-0.65971744,0.37556803,-1.0721242,-0.04755892,1.0592462,-1.3606516,0.1357243,0.3459977,-0.3842982,-1.9750729,-3.0978653,-1.2610292,0.49006313,0.4660585,-1.0016892,1.6667774,2.442571,2.1752877,-0.107761964,0.063670106,0.94197464,-0.08463171,1.1296786,1.089008,-2.5909798,0.05232975
0.41681919,-0.35583305,0.3507885,-0.11453589,-0.73754007,0.61579335,-0.9709852,-0.09527644,-0.17741501,-0.052358814,0.09200597,0.48501784,-0.3942386,-0.44443727,-0.3878698,-0.81323594,0.4957359,0.51546794,0.06391291,0.1150945,-0.3696933,0.25719762,-0.12095354,0.077512756,-0.08589765,-0.10845622,0.66057575,-0.42517424,-0.1538231,-0.1367737
-0.3483222,0.19683367,1.0815578,0.53736156,-1.7718397,1.2674638,-2.4088492,-0.04148856,1.4382032,-1.7510612,0.14928491,1.0846082,-0.98755276,-2.747486,-3.9593701,-2.4195857,1.2709515,1.2611227,-1.287413,2.1466212,2.9611619,2.8231387,-0.1224536,0.041795824,1.2122645,-0.08857117,2.1228971,1.0556352,-3.284255,-0.081157506
0.8290578,-0.7607926,0.8897548,-0.105637975,-1.6489112,1.3883338,-2.0116093,-0.12777774,-0.09746147,-0.34558013,0.12763101,1.1558046,-0.96456146,-1.1573455,-1.1685587,-1.7507455,1.196352,1.2228401,-0.072225906,0.5076879,-0.17660993,0.84160006,-0.17469375,0.0882709,0.029005585,-0.14980887,1.4986407,-0.69653255,-0.70097095,-0.2961557
1.0299757,-0.92262036,1.2313352,-0.07139274,-2.2926588,1.8637468,-2.8761277,-0.059900053,-0.034981083,-0.5026535,0.082716204,1.5539626,-1.306036,-1.6090016,-1.5592662,-2.5224266,1.6255556,1.6592216,-0.1491015,0.7214215,-0.30402863,1.1869054,-0.123898916,0.059262354,0.10785502,-0.10145455,2.1290216,-0.8981507,-0.8542536,-0.5231251
0.0952816,-0.09833974,0.3983352,-0.19144285,-0.7223674,0.4729458,-1.1595514,-0.19427447,-0.17444572,-0.40319347,0.21006408,0.38164175,-0.35443223,-1.1929085,-1.5532308,-1.1400723,0.4552192,0.45735568,-0.049245708,0.62287784,-0.09499848,1.0662831,-0.26902354,0.18438558,0.0048242286,-0.24066901,0.93016315,-0.28201497,-0.918031,-0.12744862
-0.3141861,0.19038606,0.81329954,0.4293681,-1.2927476,0.9027095,-1.8162972,-0.030554792,1.1525347,-1.4257537,0.117815,0.77381724,-0.7224961,-2.2226856,-3.2353783,-1.8562689,0.9242533,0.91332453,-1.0460206,1.7498358,2.333757,2.3055313,-0.09751475,0.0341864,0.9818029,-0.07017792,1.6263379,0.8396794,-2.6751401,-0.06442568
1.0299757,-0.92262036,1.2313352,-0.07139274,-2.2926588,1.8637468,-2.8761277,-0.059900053,-0.034981083,-0.5026535,0.082716204,1.5539626,-1.306036,-1.6090016,-1.5592662,-2.5224266,1.6255556,1.6592216,-0.1491015,0.7214215,-0.30402863,1.1869054,-0.123898916,0.059262354,0.10785502,-0.10145455,2.1290216,-0.8981507,-0.8542536,-0.5231251
-0.10600084,0.05603081,0.415468,-0.14581221,-0.6882967,0.43571007,-1.1156516,-0.17687994,-0.07782942,-0.47838968,0.19401129,0.35968733,-0.35021895,-1.2980474,-1.6802282,-1.1448696,0.44886476,0.44482607,-0.11506812,0.7102828,0.26611197,1.1725425,-0.24432722,0.16636091,0.07272669,-0.21824422,0.9541968,-0.0076400638,-1.0362942,-0.1078611
-0.30246943,0.19435585,0.5798582,0.026219616,-0.9076227,0.5904993,-1.3882535,-0.12342389,0.26540557,-0.797243,0.15998663,0.50231993,-0.4901325,-1.6887453,-2.223385,-1.4439383,0.62457126,0.6148804,-0.39383376,1.0745541,0.99026835,1.6039553,-0.18917203,0.114479266,0.34758908,-0.16367212,1.2358072,0.3703517,-1.5298276,-0.11925718
-0.11776376,0.0069735646,0.89852846,0.05513716,-1.5487223,1.0822,-2.1838994,-0.24103737,0.49597725,-1.179886,0.28661612,0.91038704,-0.82247573,-2.3663538,-3.2707024,-2.1567202,1.0696151,1.0625423,-0.60935414,1.5731008,1.6671628,2.293788,-0.3383584,0.19471659,0.5285257,-0.2928109,1.8557084,0.49376702,-2.4076965,-0.06772739
-0.1475575,0.07787031,0.6002823,0.08098812,-1.070136,0.7252406,-1.5821745,-0.1882283,0.41977748,-0.93000364,0.221326,0.5963454,-0.54065853,-1.7722675,-2.5129094,-1.5637805,0.7122745,0.7102446,-0.5051534,1.2266501,1.1502725,1.7646185,-0.261088,0.14176309,0.44668418,-0.22470233,1.322961,0.370204,-1.8332665,-0.025161088
0.88671505,-0.80316675,0.95191395,0.010363577,-1.7787753,1.4962766,-2.1547759,-0.072814316,0.16998604,-0.47544155,0.09090508,1.241645,-1.0317098,-1.2502942,-1.3676758,-1.8753068,1.2879925,1.3164434,-0.24035965,0.63881904,0.20942734,0.96415764,-0.12163388,0.051287595,0.1942779,-0.097792946,1.6089852,-0.6007336,-0.9698174,-0.3001252
1.1872933,-1.0205802,0.97775555,0.18161574,-1.7676162,1.5107706,-2.1022444,0.008240573,0.5423216,-0.7295446,0.040654153,1.2676897,-1.0653657,-1.2947248,-1.6769923,-1.8292229,1.3028657,1.331752,-0.5616489,0.88376904,0.44377422,1.162949,-0.03656284,0.015100606,0.5101671,-0.01854064,1.5753419,-0.7962614,-1.3839356,-0.3687104
1.0299757,-0.92262036,1.2313352,-0.07139274,-2.2926588,1.8637468,-2.8761277,-0.059900053,-0.034981083,-0.5026535,0.082716204,1.5539626,-1.306036,-1.6090016,-1.5592662,-2.5224266,1.6255556,1.6592216,-0.1491015,0.7214215,-0.30402863,1.1869054,-0.123898916,0.059262354,0.10785502,-0.10145455,2.1290216,-0.8981507,-0.8542536,-0.5231251
1.0299757,-0.92262036,1.2313352,-0.07139274,-2.2926588,1.8637468,-2.8761277,-0.059900053,-0.034981083,-0.5026535,0.082716204,1.5539626,-1.306036,-1.6090016,-1.5592662,-2.5224266,1.6255556,1.6592216,-0.1491015,0.7214215,-0.30402863,1.1869054,-0.123898916,0.059262354,0.10785502,-0.10145455,2.1290216,-0.8981507,-0.8542536,-0.5231251
1.2615088,-1.1695585,1.3225818,-0.10319181,-2.2553077,1.940664,-2.6916971,-0.08024185,-0.17329785,-0.49136448,0.06093441,1.6637034,-1.4203736,-1.6167076,-1.4707917,-2.38292,1.7093433,1.7410004,-0.08290301,0.71578413,-0.6158863,1.1804023,-0.13445865,0.007872449,0.040808152,-0.10365531,2.071057,-1.1192077,-0.7494703,-0.5594341
0.23568457,-0.2559589,0.78367865,0.21574962,-1.298832,0.9719925,-1.7411301,-0.097331695,0.7841177,-1.1446927,0.16743791,0.82354593,-0.7408535,-1.9422677,-2.9031556,-1.7171159,0.9357725,0.93438286,-0.7693232,1.4517945,1.7087388,1.9992507,-0.17602888,0.101368554,0.6952185,-0.1437437,1.4993364,0.2097922,-2.350661,-0.10403937
0.821616,-0.7252774,0.8763945,0.16215125,-1.5873762,1.3377854,-1.9171925,-0.004471865,0.48603287,-0.6362218,0.04876807,1.1167861,-0.94046265,-1.2065477,-1.4503336,-1.679544,1.1606059,1.184699,-0.46993956,0.77538466,0.573052,1.0342344,-0.041491613,0.01573773,0.42691118,-0.026608933,1.4479977,-0.45348495,-1.1770915,-0.293378
0.14710689,-0.19089642,0.92425346,0.27147904,-1.6730872,1.3112556,-2.1305227,0.006045214,0.6884382,-0.88257366,0.05222889,1.0872169,-0.92936337,-1.6284148,-1.9660968,-1.9524764,1.1862699,1.2004203,-0.631025,1.0847803,1.3980323,1.4597213,-0.030054465,-0.0013091336,0.59039897,-0.016989622,1.684167,0.32057664,-1.5402391,-0.206425
-0.27941132,0.19669807,0.6000452,0.41842997,-0.9388361,0.63315284,-1.3550732,-0.031328492,1.1771586,-1.3329127,0.12874427,0.5397439,-0.51378053,-1.9065768,-2.988028,-1.4264398,0.666699,0.6548497,-1.0370681,1.6163948,2.3284059,2.0889783,-0.08646983,0.06499584,0.97677773,-0.0686972,1.2550896,0.77386063,-2.561895,0.011664927
1.9224545,-1.6923103,1.693968,-0.3420955,-3.0954914,2.6362793,-3.7183378,-0.2451364,-0.38499054,-0.41908947,0.25216392,2.2322307,-1.8566056,-1.987673,-1.7287241,-3.2349439,2.279261,2.3327742,0.09540198,0.7151305,-1.237975,1.3538336,-0.3249652,0.22332346,-0.14659326,-0.2969874,2.7701368,-1.8168559,-0.75653553,-0.6713564
0.7087363,-0.6505781,1.0552558,0.26069593,-1.8639057,1.5421333,-2.2614963,0.0063699447,0.72709334,-0.87158567,0.0588343,1.2971449,-1.1045325,-1.5687704,-1.9183447,-2.0284252,1.3703332,1.3921098,-0.66995466,1.0543597,1.055361,1.3857034,-0.032326076,0.017476154,0.621848,-0.019331146,1.7645378,-0.20775676,-1.5876161,-0.31612378
0.107268035,-0.12765974,0.522037,-0.030644692,-0.939854,0.6616794,-1.3635764,-0.2145785,0.17460464,-0.72654,0.23709184,0.5405632,-0.48322743,-1.4987041,-2.1750054,-1.3340693,0.63106686,0.6304168,-0.3423689,0.9884204,0.7195746,1.4737633,-0.28897297,0.17392224,0.28001112,-0.25184697,1.1300584,-0.025760949,-1.5737681,-0.03204754
1.7677788,-1.6462005,1.8465574,-0.04298506,-3.0856311,2.6805727,-3.6137545,-0.08994958,-0.04577529,-0.82474697,0.06347549,2.3232388,-1.9887048,-2.2785027,-2.1687083,-3.208984,2.380553,2.421558,-0.25847772,1.1373799,-0.5660453,1.7562425,-0.16061018,-0.035414137,0.19918199,-0.114023335,2.8197567,-1.4544868,-1.2421203,-0.7269847
1.0310992,-0.9244455,0.9644022,-0.31037655,-1.8515913,1.54717,-2.2963827,-0.22196415,-0.45877728,-0.19023477,0.19942565,1.2831812,-1.0579439,-1.2281734,-1.1163012,-1.9867561,1.3195988,1.3531889,0.1776839,0.39089575,-0.9073092,0.82057565,-0.27993175,0.17200083,-0.2184056,-0.25284436,1.6731162,-1.0613275,-0.42602596,-0.35105032
0.59741163,-0.53107965,0.5452223,-0.0007269881,-0.98801905,0.8572434,-1.1951174,-0.048927017,0.10631711,-0.27517524,0.069564424,0.70915884,-0.59737873,-0.6825315,-0.7582549,-1.0355148,0.7275951,0.74617887,-0.16636315,0.35559148,0.1222503,0.51702434,-0.07252959,0.0551972,0.13578013,-0.06285483,0.88915825,-0.4359156,-0.558601,-0.20624231
-0.22792327,0.17628413,0.24131158,0.050927505,-0.38352537,0.20173275,-0.7122638,-0.13803077,0.28305596,-0.6551743,0.16715576,0.15964198,-0.17504501,-1.1552894,-1.786993,-0.781338,0.2364623,0.2286722,-0.37243658,0.8578923,0.8254273,1.2225091,-0.19084218,0.11732152,0.32780707,-0.1660617,0.6538296,0.2873862,-1.3342909,0.038341522
0.54643166,-0.46281177,0.3884913,-0.119351804,-0.82658255,0.6996262,-1.0588835,-0.112965,-0.15692538,-0.081776105,0.11790954,0.55338,-0.44510144,-0.477981,-0.45677015,-0.87460005,0.560113,0.58228993,0.038451467,0.14809039,-0.34890896,0.2983002,-0.14224572,0.10319585,-0.06547679,-0.12925044,0.712679,-0.5718285,-0.22616595,-0.13954735
-0.22137654,0.11952734,0.6851953,0.03524863,-1.2084862,0.7922025,-1.8018675,-0.26352352,0.4378356,-1.1245991,0.30941057,0.65900993,-0.60377014,-2.165835,-3.167129,-1.8212962,0.8066214,0.7970873,-0.5792097,1.5039409,1.5419722,2.1884687,-0.36075976,0.22261637,0.50027514,-0.31591126,1.5521616,0.47970825,-2.3429096,0.030994207
0.0005835295,-0.04586965,0.45401883,-0.3784346,-0.8054751,0.48238814,-1.3393823,-0.33174098,-0.44369668,-0.482221,0.33819652,0.3983016,-0.38095105,-1.6161352,-2.1534076,-1.3767709,0.5081589,0.49920392,0.08114259,0.8131044,-0.075394094,1.4736522,-0.4325243,0.30806392,-0.14466731,-0.3936103,1.1395442,-0.24077809,-1.1821101,-0.053262025
0.39879274,-0.38500524,0.8257246,0.19193085,-1.4347514,1.1762054,-1.7913787,0.020272255,0.4685564,-0.6649896,0.023248471,0.9873661,-0.85020256,-1.2646275,-1.4304119,-1.6179427,1.0479971,1.0650603,-0.46032643,0.81399465,0.73927325,1.0963353,-0.01082803,-0.018338293,0.42685044,0.0008116863,1.3988194,-0.06344714,-1.0883151,-0.2748595
1.1872933,-1.0205802,0.97775555,0.18161574,-1.7676162,1.5107706,-2.1022444,0.008240573,0.5423216,-0.7295446,0.040654153,1.2676897,-1.0653657,-1.2947248,-1.6769923,-1.8292229,1.3028657,1.331752,-0.5616489,0.88376904,0.44377422,1.162949,-0.03656284,0.015100606,0.5101671,-0.01854064,1.5753419,-0.7962614,-1.3839356,-0.3687104
-0.56300175,0.36178705,1.0781225,0.38411364,-1.794067,1.2303306,-2.5283046,-0.14468321,1.1455332,-1.7228345,0.2343468,1.0494951,-0.96276176,-2.9448626,-4.168535,-2.5601363,1.2577715,1.2444302,-1.1198298,2.178648,2.8056703,2.9782748,-0.24118082,0.11666083,1.037932,-0.19843027,2.2266374,1.193781,-3.2654717,-0.03568259
-0.4155079,0.25192273,1.0557073,0.5251253,-1.6806587,1.1814231,-2.3166063,-0.041417602,1.4295871,-1.7633699,0.15480742,1.0208555,-0.9463018,-2.7766857,-4.027512,-2.369144,1.2133884,1.1992124,-1.2890171,2.1671028,3.0373957,2.8588233,-0.12802668,0.053288005,1.2120992,-0.09367724,2.0857954,1.1071793,-3.345022,-0.07757616
-0.053523064,-0.03692037,0.8269143,0.16160254,-1.3111271,0.9364859,-1.8192432,-0.16298515,0.68037415,-1.2358875,0.22856537,0.80827403,-0.75013506,-2.2066815,-3.2234454,-1.8558242,0.9499449,0.9396949,-0.74994856,1.5924398,1.8631923,2.230288,-0.2549739,0.14611432,0.6688193,-0.21403894,1.630046,0.43372256,-2.5349467,-0.07152885
0.9390868,-0.78746456,0.4704722,-0.3300897,-0.9795424,0.8553246,-1.2456496,-0.162985,-0.5814012,0.13288252,0.14336945,0.691961,-0.55580646,-0.42805585,-0.24043919,-1.0163186,0.67786026,0.7079211,0.3186041,-0.049728442,-1.3520161,0.15599217,-0.2033478,0.14807282,-0.34343296,-0.18821244,0.81764674,-1.1638054,0.16311763,-0.27223277
0.23568457,-0.2559589,0.78367865,0.21574962,-1.298832,0.9719925,-1.7411301,-0.097331695,0.7841177,-1.1446927,0.16743791,0.82354593,-0.7408535,-1.9422677,-2.9031556,-1.7171159,0.9357725,0.93438286,-0.7693232,1.4517945,1.7087388,1.9992507,-0.17602888,0.101368554,0.6952185,-0.1437437,1.4993364,0.2097922,-2.350661,-0.10403937
0.8668081,-0.7523226,0.7214309,-0.22812523,-1.3858141,1.1446509,-1.7791198,-0.10281977,-0.38807094,-0.09521534,0.097186565,0.9411135,-0.7853967,-0.8481069,-0.7139859,-1.5258167,0.9658477,0.9937065,0.14833705,0.22583733,-0.8690508,0.5264482,-0.15213202,0.09540942,-0.1772415,-0.13394853,1.2595139,-0.96774083,-0.20007724,-0.38282555
1.5574874,-1.4028964,1.3909297,-0.23840512,-2.488429,2.1625044,-2.902571,-0.20585135,-0.18257327,-0.39285854,0.2129039,1.835713,-1.531744,-1.6099756,-1.4957991,-2.526134,1.872053,1.9137677,-0.005558892,0.6221562,-0.39251792,1.1073484,-0.26744667,0.17985849,-0.050162844,-0.24119443,2.1985521,-1.2541208,-0.8373238,-0.46847075
0.48113254,-0.40753287,0.41359398,-0.12117824,-0.902576,0.73660433,-1.1838896,-0.11678545,-0.13743538,-0.118234016,0.12428593,0.5774567,-0.46230507,-0.57694614,-0.6003886,-0.99273455,0.5955636,0.6170984,0.024188224,0.20441525,-0.29099756,0.39318857,-0.1504762,0.11158613,-0.052237347,-0.13733946,0.8058156,-0.5105422,-0.3136988,-0.1384592
-0.3884659,0.2936209,0.29570028,0.09961709,-0.42150664,0.21883106,-0.7604574,-0.14189926,0.4337682,-0.7903023,0.18023714,0.18473327,-0.21005815,-1.3478986,-2.04941,-0.86318207,0.2790777,0.2659042,-0.46752676,1.0205729,1.3203422,1.4257488,-0.1924502,0.12078968,0.41899925,-0.16862594,0.7452668,0.6184231,-1.5740321,0.07218416
0.8294932,-0.73903114,0.8434689,-0.20965374,-1.5803047,1.296063,-2.0105584,-0.092985265,-0.3236387,-0.15803955,0.09736125,1.0730815,-0.9029609,-1.0182961,-0.86115366,-1.7475085,1.1124809,1.1402776,0.1026462,0.3025625,-0.68945754,0.63673913,-0.14429176,0.09775072,-0.13329677,-0.12769496,1.459768,-0.8804486,-0.31420404,-0.42339885
1.1872933,-1.0205802,0.97775555,0.18161574,-1.7676162,1.5107706,-2.1022444,0.008240573,0.5423216,-0.7295446,0.040654153,1.2676897,-1.0653657,-1.2947248,-1.6769923,-1.8292229,1.3028657,1.331752,-0.5616489,0.88376904,0.44377422,1.162949,-0.03656284,0.015100606,0.5101671,-0.01854064,1.5753419,-0.7962614,-1.3839356,-0.3687104
-0.19744503,0.13312733,0.35084295,-0.011954144,-0.55647814,0.3211664,-0.9618062,-0.17895103,0.19025996,-0.7234503,0.20276943,0.26683867,-0.27586997,-1.4066157,-2.0959716,-1.0308167,0.3601867,0.3511253,-0.34014893,0.9808183,0.74854136,1.4491916,-0.24956037,0.14584658,0.28777826,-0.21681821,0.86714804,0.24800134,-1.4928478,-0.0019409657
0.58436096,-0.52949333,0.6959965,0.10822696,-1.2193334,1.0282774,-1.4887319,-0.022424696,0.32299107,-0.5205907,0.05715667,0.86123216,-0.73591614,-1.0112985,-1.2196356,-1.3312054,0.9011975,0.91834104,-0.37199223,0.6418947,0.460791,0.866089,-0.049151108,0.033567257,0.335897,-0.038194664,1.1536802,-0.31126368,-0.95482695,-0.2379509
0.9030146,-0.84599316,1.4345827,0.061224345,-2.597168,2.0909224,-3.2552059,-0.030182138,0.23547193,-0.8066842,0.065538116,1.7557806,-1.4917213,-2.0513008,-2.1255755,-2.906253,1.8591566,1.8899814,-0.38314202,1.0792788,0.34603065,1.6351503,-0.09806811,0.017838271,0.33473855,-0.07162764,2.4807038,-0.6130645,-1.3384215,-0.5444273
0.5411773,-0.5309574,1.1470182,0.11642326,-2.08672,1.6703273,-2.626166,-0.04619759,0.39131057,-0.7786184,0.08683813,1.3944622,-1.1833491,-1.7688248,-1.9414628,-2.360174,1.4885416,1.5119405,-0.4379802,1.0124055,0.70020634,1.4705542,-0.0968779,0.035418477,0.3949663,-0.0774366,2.0218718,-0.1882713,-1.3387488,-0.3568923
0.38114506,-0.39359438,1.084525,0.071016595,-2.0439599,1.586358,-2.6417713,-0.046092756,0.2981619,-0.72220576,0.0850804,1.3078417,-1.1046013,-1.7819496,-1.9595853,-2.3820658,1.4157064,1.436939,-0.3647915,0.96890146,0.7178339,1.4685316,-0.1017905,0.045696143,0.32353553,-0.08269853,2.0175064,-0.10379,-1.2845614,-0.33152008
-0.35746145,0.3008548,0.068439245,-0.13233131,-0.21601665,-0.026640534,-0.6499214,-0.25416562,0.019065812,-0.5921041,0.28797084,-0.05719483,0.02165389,-1.2811031,-2.1328528,-0.75756097,0.04086578,0.026874542,-0.19001961,0.8660299,0.6716231,1.379478,-0.34381506,0.252804,0.12811923,-0.3101435,0.5915605,0.26456457,-1.4306356,0.19017635
0.8137823,-0.7682815,1.3620838,0.08743885,-2.441406,1.9694017,-3.056018,-0.018728817,0.28239265,-0.7988575,0.05873003,1.6564711,-1.4117769,-1.9646947,-2.0420282,-2.738801,1.7555689,1.7838948,-0.40473735,1.0557165,0.42107067,1.5770282,-0.08067687,0.012856998,0.35885602,-0.05760973,2.3445458,-0.51553243,-1.314025,-0.51025873
1.7677788,-1.6462005,1.8465574,-0.04298506,-3.0856311,2.6805727,-3.6137545,-0.08994958,-0.04577529,-0.82474697,0.06347549,2.3232388,-1.9887048,-2.2785027,-2.1687083,-3.208984,2.380553,2.421558,-0.25847772,1.1373799,-0.5660453,1.7562425,-0.16061018,-0.035414137,0.19918199,-0.114023335,2.8197567,-1.4544868,-1.2421203,-0.7269847
-0.10798991,0.065752685,0.47512424,-0.07846972,-0.77351344,0.4684068,-1.2861676,-0.1585685,0.08903204,-0.71145964,0.19579378,0.39444268,-0.39261818,-1.5787328,-2.2160037,-1.3368545,0.5018557,0.49426305,-0.28156048,0.9954509,0.52030855,1.5397925,-0.24884401,0.16015747,0.2288609,-0.21562952,1.1142586,0.03152138,-1.5010394,-0.11898202
1.3771924,-1.2300147,1.2179761,-0.010794833,-2.1842647,1.8884189,-2.5650365,-0.08172643,0.17631318,-0.5871474,0.106616616,1.595774,-1.3352312,-1.5011984,-1.6514894,-2.2317739,1.6324462,1.6687998,-0.28854427,0.7880285,0.07582457,1.1859138,-0.14214917,0.065878786,0.23039997,-0.113537766,1.9377279,-1.0240471,-1.1733848,-0.41641545
0.9237572,-0.8090948,0.8002707,-0.2994657,-1.5289911,1.2642791,-1.9402868,-0.12419343,-0.5014921,-0.017658308,0.1218144,1.0422413,-0.87006295,-0.8751338,-0.6444953,-1.6625185,1.06961,1.0999435,0.2313176,0.14621909,-1.0362931,0.46059114,-0.17701885,0.13308565,-0.26101327,-0.16087538,1.3781238,-1.0676484,-0.10040747,-0.43335897
-0.03791648,-0.017725885,0.6028036,-0.010607429,-1.1029161,0.7488276,-1.6273375,-0.24294348,0.247295,-0.8838056,0.26749152,0.6118355,-0.5482926,-1.7968808,-2.5525784,-1.5961719,0.7270507,0.7247128,-0.41598636,1.198388,0.9697176,1.7746912,-0.32343417,0.1874548,0.3500445,-0.28289533,1.3446316,0.2081761,-1.8043382,-0.01728183
-0.24911505,0.14911908,0.757619,0.40959784,-1.2206192,0.8511981,-1.7130444,-0.050784416,1.1732183,-1.3943326,0.14472473,0.726321,-0.6740892,-2.1379678,-3.2217963,-1.7560089,0.87005734,0.85951614,-1.0412469,1.7105043,2.369475,2.2490864,-0.11962505,0.06926108,0.9756634,-0.093532145,1.5396117,0.77588814,-2.713439,-0.027467966
0.7528578,-0.7681693,1.8902422,0.2764926,-3.4185655,2.7195818,-4.2618246,-0.015929202,0.7293445,-1.3311094,0.07861647,2.287095,-1.9413697,-2.9158993,-3.2045434,-3.8503952,2.4505584,2.4834642,-0.7819845,1.7113943,1.3833002,2.4534674,-0.09486244,-0.009847267,0.719443,-0.062101804,3.3135283,-0.13748947,-2.2427173,-0.56451523
-0.08901161,0.05624354,0.35826018,0.058605738,-0.6224607,0.3961588,-0.99144244,-0.14827842,0.36245626,-0.72310144,0.18839167,0.31959176,-0.30361283,-1.2981994,-1.9720083,-1.0166974,0.4028588,0.39867228,-0.42891157,0.94215375,0.94232905,1.3415848,-0.20823535,0.14027013,0.37811732,-0.18247259,0.85625696,0.18515551,-1.5140245,0.0073695183
-0.18861067,0.14015275,0.33333385,0.13759503,-0.5093051,0.29021204,-0.8640897,-0.14043806,0.56059444,-0.91003,0.20081452,0.24613237,-0.258932,-1.4353935,-2.3504124,-0.957628,0.34075934,0.3291756,-0.60058045,1.154126,1.3989607,1.5738052,-0.21004348,0.14654446,0.54066813,-0.18117666,0.8235364,0.34648722,-1.9273403,0.059590995
1.005139,-0.929879,1.2111002,-0.13975441,-2.2511575,1.8713756,-2.7371593,-0.19238296,-0.01785827,-0.51419526,0.20185415,1.5641668,-1.3021907,-1.6610867,-1.7118198,-2.406467,1.6314211,1.6632648,-0.12432779,0.7576711,0.06418812,1.2529261,-0.25281146,0.15288487,0.07127189,-0.22524023,2.0680184,-0.7140175,-1.0435236,-0.34159487
-0.15679151,0.08019191,0.72668517,0.36349785,-1.2171017,0.8596915,-1.6968856,-0.0648454,1.0807902,-1.2890736,0.15079801,0.7231878,-0.6580836,-2.0099523,-3.0185268,-1.7070701,0.8553185,0.84870106,-0.9553011,1.5880708,2.1478293,2.1032023,-0.12999097,0.07860165,0.8928402,-0.10509932,1.4863378,0.64498913,-2.5198848,-0.030551046
0.86743355,-0.80268896,1.2960107,0.042964492,-2.3385653,1.8917019,-2.9321864,-0.029790677,0.19377652,-0.7132562,0.06527544,1.5881563,-1.3502853,-1.8361728,-1.8926481,-2.6147387,1.6768274,1.7059139,-0.33316267,0.95752865,0.21243691,1.4580508,-0.09177063,0.02606077,0.28881773,-0.06924928,2.2305436,-0.6261687,-1.1805235,-0.5068732
-0.1700393,0.08824575,0.5992242,-0.039746154,-1.079177,0.70098114,-1.636889,-0.2717925,0.25226283,-0.9281988,0.30299598,0.5766847,-0.52763,-1.9207484,-2.790709,-1.6471114,0.70852,0.70181787,-0.42101753,1.2723444,1.1518269,1.901302,-0.36631903,0.22627747,0.3489824,-0.32148266,1.3926514,0.35139173,-2.0060458,0.0223431
-0.0050465465,-0.025805295,0.4530181,-0.0037593283,-0.86333203,0.5761366,-1.3099866,-0.20964672,0.2126767,-0.7371631,0.22776711,0.45900726,-0.40850157,-1.4759238,-2.1871285,-1.2844694,0.55224997,0.5507025,-0.3577428,0.99923253,0.7797525,1.479424,-0.28320402,0.15730393,0.29767352,-0.24475685,1.0711735,0.10626352,-1.579225,0.013108134
-0.39152384,0.2948712,0.36572063,0.05658207,-0.6040212,0.3185346,-1.0651464,-0.19737971,0.3821971,-0.90468025,0.236907,0.26206374,-0.2738427,-1.6309087,-2.5096927,-1.1598072,0.37828082,0.36564112,-0.48846346,1.1981584,1.257503,1.7182328,-0.27405256,0.16941461,0.42894092,-0.23893654,0.9786669,0.54871106,-1.8751659,0.07955174
-0.4985316,0.3513884,0.618346,0.10260293,-0.8791975,0.52993786,-1.40576,-0.10088817,0.44262987,-1.0202287,0.15664388,0.4708227,-0.49162674,-1.9754182,-2.720511,-1.5417893,0.6201704,0.6007682,-0.5616841,1.344376,1.473919,1.9477993,-0.17951742,0.10714296,0.5083116,-0.15046206,1.3374442,0.6399541,-1.9779358,-0.102879405
-0.053523064,-0.03692037,0.8269143,0.16160254,-1.3111271,0.9364859,-1.8192432,-0.16298515,0.68037415,-1.2358875,0.22856537,0.80827403,-0.75013506,-2.2066815,-3.2234454,-1.8558242,0.9499449,0.9396949,-0.74994856,1.5924398,1.8631923,2.230288,-0.2549739,0.14611432,0.6688193,-0.21403894,1.630046,0.43372256,-2.5349467,-0.07152885
1.7677788,-1.6462005,1.8465574,-0.04298506,-3.0856311,2.6805727,-3.6137545,-0.08994958,-0.04577529,-0.82474697,0.06347549,2.3232388,-1.9887048,-2.2785027,-2.1687083,-3.208984,2.380553,2.421558,-0.25847772,1.1373799,-0.5660453,1.7562425,-0.16061018,-0.035414137,0.19918199,-0.114023335,2.8197567,-1.4544868,-1.2421203,-0.7269847
0.7999467,-0.7591244,1.3744397,0.09486418,-2.4587533,1.9835858,-3.0744252,-0.0144557245,0.2947736,-0.8070384,0.055034522,1.6692315,-1.423354,-1.9811332,-2.051386,-2.7577612,1.7700182,1.7982563,-0.4124127,1.0643562,0.45763233,1.5872245,-0.07593817,0.008681393,0.36671656,-0.05299211,2.3632264,-0.49081773,-1.3237755,-0.51225156
0.97413546,-0.8782049,0.95438397,-0.0032865736,-1.7082072,1.4730904,-2.0246048,-0.06416223,0.13460425,-0.45981428,0.08253242,1.2388567,-1.0391933,-1.2014725,-1.279035,-1.7677593,1.2725271,1.3008146,-0.22388391,0.6159762,0.09354326,0.92759156,-0.10867619,0.047768466,0.17914797,-0.087629475,1.5335634,-0.7016027,-0.8953848,-0.32350206
0.082469225,-0.1116091,0.5857012,0.1889691,-0.9950489,0.70975757,-1.4138927,-0.10628708,0.6116164,-1.0135919,0.1533157,0.59071684,-0.5373177,-1.6752568,-2.5577703,-1.404017,0.68986624,0.68654364,-0.66151935,1.2876948,1.3106546,1.7694917,-0.17754534,0.08268463,0.59724796,-0.14381257,1.206756,0.19081336,-2.021752,-0.050896645
1.7677788,-1.6462005,1.8465574,-0.04298506,-3.0856311,2.6805727,-3.6137545,-0.08994958,-0.04577529,-0.82474697,0.06347549,2.3232388,-1.9887048,-2.2785027,-2.1687083,-3.208984,2.380553,2.421558,-0.25847772,1.1373799,-0.5660453,1.7562425,-0.16061018,-0.035414137,0.19918199,-0.114023335,2.8197567,-1.4544868,-1.2421203,-0.7269847
0.20636553,-0.1876123,0.62320614,0.36425748,-0.9878824,0.7157035,-1.3664162,-0.029897064,1.0953927,-1.2796564,0.12764746,0.61532485,-0.57125676,-1.8014989,-2.9806921,-1.4065175,0.7182298,0.71232486,-1.0086045,1.5560114,1.9184144,2.0101812,-0.095956266,0.08442533,0.93944204,-0.07490061,1.2318798,0.23828173,-2.586444,-0.063539445
0.80440533,-0.7518899,1.2650089,0.06562671,-2.2681313,1.8363571,-2.840599,-0.020476291,0.22844723,-0.7190336,0.057681456,1.5437168,-1.3150935,-1.8021618,-1.8600706,-2.540628,1.6314899,1.6593182,-0.3533538,0.9552133,0.3036004,1.4378355,-0.079077,0.01726529,0.31009018,-0.05777786,2.1721482,-0.54013664,-1.1798583,-0.4876474
1.1872933,-1.0205802,0.97775555,0.18161574,-1.7676162,1.5107706,-2.1022444,0.008240573,0.5423216,-0.7295446,0.040654153,1.2676897,-1.0653657,-1.2947248,-1.6769923,-1.8292229,1.3028657,1.331752,-0.5616489,0.88376904,0.44377422,1.162949,-0.03656284,0.015100606,0.5101671,-0.01854064,1.5753419,-0.7962614,-1.3839356,-0.3687104
0.61171246,-0.56326616,0.942724,0.27710396,-1.6325552,1.3574501,-1.9834807,0.027977856,0.6983585,-0.8468461,0.02924181,1.1453276,-0.9823402,-1.4333704,-1.7795486,-1.7878033,1.2094669,1.2281448,-0.65597427,1.0126492,0.9939539,1.3057601,-0.00544916,-0.016191507,0.61235833,0.007691298,1.5595518,-0.14933734,-1.4780558,-0.28887707
-0.32069063,0.108153105,1.5294584,0.42998594,-2.597989,1.8831418,-3.4729233,-0.15288764,1.2761558,-1.9818585,0.2429716,1.601145,-1.4286423,-3.5620263,-4.765353,-3.3912377,1.8437657,1.8356357,-1.2622974,2.5149713,3.16291,3.4685798,-0.2580767,0.09989785,1.1649595,-0.2083281,2.956211,1.1469853,-3.6760783,-0.165032
1.7677788,-1.6462005,1.8465574,-0.04298506,-3.0856311,2.6805727,-3.6137545,-0.08994958,-0.04577529,-0.82474697,0.06347549,2.3232388,-1.9887048,-2.2785027,-2.1687083,-3.208984,2.380553,2.421558,-0.25847772,1.1373799,-0.5660453,1.7562425,-0.16061018,-0.035414137,0.19918199,-0.114023335,2.8197567,-1.4544868,-1.2421203,-0.7269847
0.7645427,-0.6960889,0.9179412,-0.20397025,-1.8417006,1.4883895,-2.3284628,-0.22627717,-0.2379664,-0.35042945,0.21873239,1.2149282,-0.99366075,-1.3448277,-1.4025476,-2.0185306,1.2729689,1.3032922,0.014074921,0.5637046,-0.303123,1.000346,-0.28526214,0.17242967,-0.061152864,-0.255378,1.6910918,-0.7068828,-0.7459687,-0.24113198
0.27982777,-0.29008713,0.7872665,0.16506736,-1.4083269,1.1328272,-1.7674749,-0.02778463,0.46396634,-0.6501414,0.072333194,0.94156164,-0.8052895,-1.2878888,-1.5134456,-1.6068673,1.0140789,1.0283244,-0.45578283,0.80672926,0.9542378,1.1000853,-0.0576777,0.034377016,0.41835722,-0.046148326,1.3907515,0.07720728,-1.1790034,-0.199605
-0.059910953,0.018406808,0.43585476,-0.09772984,-0.7198564,0.4637779,-1.1564806,-0.15321237,0.0030161142,-0.5461989,0.17564091,0.38488352,-0.372971,-1.3359984,-1.7732012,-1.179631,0.47322887,0.4698593,-0.18083268,0.78405464,0.3056262,1.251014,-0.22274491,0.14373903,0.13727628,-0.19613782,0.98264146,-0.023993433,-1.1230404,-0.12592104
0.8018471,-0.76140743,1.3871384,0.103826955,-2.4826903,2.0007374,-3.1070936,-0.01656872,0.31854644,-0.83401114,0.058981083,1.6836096,-1.4357208,-2.0144427,-2.1063504,-2.7883518,1.786183,1.8145002,-0.43414015,1.0964333,0.492306,1.6266768,-0.07907546,0.010322452,0.38731176,-0.055694506,2.3889542,-0.48188722,-1.3729857,-0.5121818
1.3771924,-1.2300147,1.2179761,-0.010794833,-2.1842647,1.8884189,-2.5650365,-0.08172643,0.17631318,-0.5871474,0.106616616,1.595774,-1.3352312,-1.5011984,-1.6514894,-2.2317739,1.6324462,1.6687998,-0.28854427,0.7880285,0.07582457,1.1859138,-0.14214917,0.065878786,0.23039997,-0.113537766,1.9377279,-1.0240471,-1.1733848,-0.41641545
-0.06670487,-0.04980153,1.0954399,0.22958812,-1.8880509,1.367459,-2.5691123,-0.16388944,0.8350733,-1.4136523,0.22455232,1.1519344,-1.0264167,-2.6334333,-3.6013637,-2.4984133,1.3241208,1.3204994,-0.8512063,1.825618,2.0840335,2.569466,-0.2574934,0.1191967,0.77045554,-0.21338698,2.1606631,0.623684,-2.737587,-0.13262448
1.298566,-1.181642,1.1443555,-0.30403218,-2.0405753,1.7563328,-2.4571617,-0.16830413,-0.544436,-0.18879493,0.1319442,1.489992,-1.253858,-1.2858428,-1.0468296,-2.129639,1.5174267,1.5517027,0.19471715,0.3829361,-1.2428303,0.8074007,-0.22578426,0.099128194,-0.23604973,-0.19454925,1.8243542,-1.377291,-0.34126654,-0.5064421
1.3771924,-1.2300147,1.2179761,-0.010794833,-2.1842647,1.8884189,-2.5650365,-0.08172643,0.17631318,-0.5871474,0.106616616,1.595774,-1.3352312,-1.5011984,-1.6514894,-2.2317739,1.6324462,1.6687998,-0.28854427,0.7880285,0.07582457,1.1859138,-0.14214917,0.065878786,0.23039997,-0.113537766,1.9377279,-1.0240471,-1.1733848,-0.41641545
1.7677788,-1.6462005,1.8465574,-0.04298506,-3.0856311,2.6805727,-3.6137545,-0.08994958,-0.04577529,-0.82474697,0.06347549,2.3232388,-1.9887048,-2.2785027,-2.1687083,-3.208984,2.380553,2.421558,-0.25847772,1.1373799,-0.5660453,1.7562425,-0.16061018,-0.035414137,0.19918199,-0.114023335,2.8197567,-1.4544868,-1.2421203,-0.7269847
0.81481963,-0.7690845,1.3633945,0.088245854,-2.4441166,1.9713825,-3.0596373,-0.01888782,0.2838785,-0.8010616,0.059029464,1.6581203,-1.4131615,-1.9675797,-2.0467653,-2.7418942,1.7573391,1.7857032,-0.40647233,1.0583928,0.42130464,1.5804586,-0.08098353,0.0129380105,0.36048785,-0.05784864,2.3470573,-0.51663464,-1.3180634,-0.5103332
1.1872933,-1.0205802,0.97775555,0.18161574,-1.7676162,1.5107706,-2.1022444,0.008240573,0.5423216,-0.7295446,0.040654153,1.2676897,-1.0653657,-1.2947248,-1.6769923,-1.8292229,1.3028657,1.331752,-0.5616489,0.88376904,0.44377422,1.162949,-0.03656284,0.015100606,0.5101671,-0.01854064,1.5753419,-0.7962614,-1.3839356,-0.3687104
0.10411364,-0.111669004,0.47491172,-0.22242787,-0.83753884,0.56529176,-1.2923706,-0.19188745,-0.21664909,-0.37015378,0.2125743,0.46445572,-0.4288656,-1.260534,-1.5515238,-1.2702079,0.5450302,0.5470553,-0.009241179,0.5950566,-0.11800188,1.0614936,-0.26776633,0.19815814,-0.03412369,-0.24243912,1.0478752,-0.30233765,-0.88007355,-0.17359126
1.3771924,-1.2300147,1.2179761,-0.010794833,-2.1842647,1.8884189,-2.5650365,-0.08172643,0.17631318,-0.5871474,0.106616616,1.595774,-1.3352312,-1.5011984,-1.6514894,-2.2317739,1.6324462,1.6687998,-0.28854427,0.7880285,0.07582457,1.1859138,-0.14214917,0.065878786,0.23039997,-0.113537766,1.9377279,-1.0240471,-1.1733848,-0.41641545
-0.5986917,0.5035385,0.022902131,-0.14204817,-0.006793976,-0.2319771,-0.4558668,-0.19639638,0.0016844124,-0.5925719,0.24799743,-0.2077353,0.11464393,-1.3459027,-2.1698203,-0.6680639,-0.09277177,-0.11824751,-0.17066549,0.8791809,0.7254435,1.437737,-0.29021317,0.24004051,0.1176472,-0.26456648,0.5247661,0.37159538,-1.3758123,0.13131142
-0.36261293,0.2935278,0.13439125,0.020952554,-0.18652332,0.024230838,-0.49994707,-0.16966115,0.26032975,-0.64530635,0.19839978,0.0114450455,-0.05408317,-1.1206337,-1.8184178,-0.6143786,0.090048075,0.0780164,-0.34106064,0.8565254,0.9492401,1.2292564,-0.22578119,0.14589447,0.29443452,-0.19937593,0.51087797,0.45187837,-1.3690162,0.11628041
0.9237572,-0.8090948,0.8002707,-0.2994657,-1.5289911,1.2642791,-1.9402868,-0.12419343,-0.5014921,-0.017658308,0.1218144,1.0422413,-0.87006295,-0.8751338,-0.6444953,-1.6625185,1.06961,1.0999435,0.2313176,0.14621909,-1.0362931,0.46059114,-0.17701885,0.13308565,-0.26101327,-0.16087538,1.3781238,-1.0676484,-0.10040747,-0.43335897
-0.33259743,0.23492938,0.53442836,0.32003316,-0.76535773,0.49387753,-1.1506406,-0.06905863,0.9604078,-1.2223471,0.1566062,0.43437064,-0.4379152,-1.8198391,-2.8669636,-1.2741191,0.5594858,0.5433399,-0.9079512,1.5047351,2.1749575,1.9778743,-0.12675281,0.10208653,0.84735185,-0.10679423,1.1317066,0.7625293,-2.409445,0.018173337
1.7677788,-1.6462005,1.8465574,-0.04298506,-3.0856311,2.6805727,-3.6137545,-0.08994958,-0.04577529,-0.82474697,0.06347549,2.3232388,-1.9887048,-2.2785027,-2.1687083,-3.208984,2.380553,2.421558,-0.25847772,1.1373799,-0.5660453,1.7562425,-0.16061018,-0.035414137,0.19918199,-0.114023335,2.8197567,-1.4544868,-1.2421203,-0.7269847
-0.14473039,0.10308832,0.33198783,0.08229698,-0.5563283,0.34260666,-0.908723,-0.13274792,0.40727192,-0.73776335,0.17562613,0.27715504,-0.27147144,-1.2762306,-1.9618447,-0.9513457,0.36018044,0.3542573,-0.45494318,0.9516763,1.02143,1.3381027,-0.18981427,0.12801397,0.4056356,-0.16581318,0.80460036,0.25787273,-1.5273856,0.016986191
1.7677788,-1.6462005,1.8465574,-0.04298506,-3.0856311,2.6805727,-3.6137545,-0.08994958,-0.04577529,-0.82474697,0.06347549,2.3232388,-1.9887048,-2.2785027,-2.1687083,-3.208984,2.380553,2.421558,-0.25847772,1.1373799,-0.5660453,1.7562425,-0.16061018,-0.035414137,0.19918199,-0.114023335,2.8197567,-1.4544868,-1.2421203,-0.7269847
1.9224545,-1.6923103,1.693968,-0.3420955,-3.0954914,2.6362793,-3.7183378,-0.2451364,-0.38499054,-0.41908947,0.25216392,2.2322307,-1.8566056,-1.987673,-1.7287241,-3.2349439,2.279261,2.3327742,0.09540198,0.7151305,-1.237975,1.3538336,-0.3249652,0.22332346,-0.14659326,-0.2969874,2.7701368,-1.8168559,-0.75653553,-0.6713564
0.48348653,-0.4105941,0.36606386,-0.06763403,-0.7956639,0.67273664,-1.0170617,-0.10557787,-0.06576461,-0.1496098,0.11122051,0.52855635,-0.42134,-0.4995461,-0.5666062,-0.841936,0.53664047,0.5575503,-0.031666424,0.22047852,-0.17706043,0.36646548,-0.13342479,0.08612052,0.0027669016,-0.11881068,0.6869352,-0.47146353,-0.34918258,-0.09815499
-0.2581445,0.20116764,0.5933963,0.093855195,-1.0967573,0.6382263,-1.7867341,-0.09565346,0.46998253,-1.0992095,0.18125191,0.5171876,-0.48761165,-2.1459782,-3.071003,-1.8160607,0.6711383,0.65977883,-0.5785563,1.4702389,1.2411783,2.182835,-0.19917059,0.15155399,0.51562536,-0.17250809,1.4997581,0.27436942,-2.1065173,-0.06823069
1.7677788,-1.6462005,1.8465574,-0.04298506,-3.0856311,2.6805727,-3.6137545,-0.08994958,-0.04577529,-0.82474697,0.06347549,2.3232388,-1.9887048,-2.2785027,-2.1687083,-3.208984,2.380553,2.421558,-0.25847772,1.1373799,-0.5660453,1.7562425,-0.16061018,-0.035414137,0.19918199,-0.114023335,2.8197567,-1.4544868,-1.2421203,-0.7269847
-0.026634932,-0.025211453,0.7515391,0.026971601,-1.2226993,0.8290268,-1.8265438,-0.16115633,0.35637453,-1.0294498,0.21541002,0.71047044,-0.668954,-2.0808933,-2.8486674,-1.8465419,0.8434046,0.8367032,-0.5030897,1.385116,0.93659985,2.048955,-0.2594708,0.15549621,0.44083175,-0.2225905,1.5707318,0.1285274,-1.9982951,-0.16782749
0.8140881,-0.7682817,1.361537,0.087928936,-2.4409115,1.9687095,-3.0559247,-0.01891971,0.28320122,-0.8000864,0.05900975,1.6558115,-1.4111995,-1.9652971,-2.0446067,-2.7385666,1.7549073,1.7832403,-0.40580362,1.0571864,0.4199584,1.5787917,-0.080970004,0.012968552,0.35985672,-0.057850637,2.3441074,-0.51666194,-1.3163955,-0.5098339
1.4310918,-1.2644264,1.3827041,-0.22012137,-2.544569,2.1378546,-3.1031263,-0.17215417,-0.19601119,-0.41905516,0.18953258,1.7990804,-1.5002197,-1.695772,-1.5469397,-2.7081597,1.8507581,1.8931957,-0.011155096,0.66416204,-0.75904226,1.18907,-0.23943071,0.16692226,-0.03325895,-0.21748042,2.3085794,-1.3109118,-0.7641752,-0.55040896
-0.119316995,-0.014778316,1.1543943,0.24231519,-1.95318,1.4172779,-2.6419153,-0.18126011,0.91137785,-1.5065086,0.25194564,1.2032181,-1.0772749,-2.7874541,-3.8318605,-2.595233,1.3871393,1.3808329,-0.9142146,1.9431611,2.3255835,2.72932,-0.28061157,0.1436337,0.8286764,-0.23538342,2.2584243,0.7257662,-2.9447348,-0.11639643
0.7953455,-0.7537988,1.3586872,0.09780517,-2.4310155,1.9614003,-3.041353,-0.014812002,0.29907545,-0.8078212,0.05535013,1.6503078,-1.4072586,-1.965018,-2.0459824,-2.7277424,1.7496892,1.7777033,-0.41622645,1.0636218,0.45725888,1.5817552,-0.075970724,0.008189117,0.37050635,-0.053025108,2.336752,-0.4881814,-1.3250147,-0.5054524
0.80319595,-0.75325733,1.288991,0.07138452,-2.3104868,1.8683344,-2.8937511,-0.019851038,0.24303482,-0.7392158,0.05805209,1.5708481,-1.3385092,-1.8431518,-1.906963,-2.5900772,1.6617395,1.6895906,-0.36669663,0.9806304,0.33697167,1.4733695,-0.079317495,0.01645228,0.32286114,-0.05766553,2.2152605,-0.5300501,-1.2152936,-0.4934358
-0.5114782,0.4053345,0.1843453,0.17784816,-0.16302466,0.014371157,-0.43400538,-0.09769219,0.5688904,-0.85001177,0.15057176,0.022324443,-0.08419871,-1.2402058,-2.0689614,-0.6037266,0.11254847,0.094064176,-0.58457565,1.0603039,1.5272171,1.4120208,-0.14403263,0.09930673,0.53801477,-0.12445387,0.53677666,0.7120386,-1.6944162,0.1044272
0.80706066,-0.76501703,1.3815403,0.0948216,-2.4745626,1.9938946,-3.09816,-0.01805857,0.30093998,-0.819567,0.059640348,1.6774278,-1.4301792,-2.00115,-2.0875325,-2.7791626,1.7794542,1.8076873,-0.4202261,1.0810686,0.46113622,1.6111981,-0.08075837,0.012657821,0.3738211,-0.057507653,2.3801014,-0.4986041,-1.3520772,-0.5138476
0.23568457,-0.2559589,0.78367865,0.21574962,-1.298832,0.9719925,-1.7411301,-0.097331695,0.7841177,-1.1446927,0.16743791,0.82354593,-0.7408535,-1.9422677,-2.9031556,-1.7171159,0.9357725,0.93438286,-0.7693232,1.4517945,1.7087388,1.9992507,-0.17602888,0.101368554,0.6952185,-0.1437437,1.4993364,0.2097922,-2.350661,-0.10403937
0.0736931,-0.12207353,0.7330638,0.06199021,-1.2790459,0.918061,-1.8018482,-0.17177391,0.4013035,-0.928147,0.20567292,0.7650721,-0.6851255,-1.8554561,-2.5823455,-1.7543292,0.8815699,0.8811864,-0.5039553,1.2320518,1.0591124,1.793451,-0.2525097,0.13362777,0.4405386,-0.21424717,1.4971405,0.15280294,-1.8986723,-0.11677784
0.47409874,-0.44315946,0.6593946,-0.020359693,-1.218376,1.0125959,-1.5188853,-0.09902891,0.120788276,-0.35362357,0.11678209,0.8365691,-0.70315087,-0.95415056,-1.0077553,-1.3395169,0.87657386,0.89618015,-0.15677607,0.4804113,0.2665759,0.73231745,-0.12910442,0.08343956,0.12458916,-0.11494885,1.1468346,-0.22424728,-0.6839547,-0.18464652
0.7908213,-0.73846215,0.9536625,-0.034791756,-1.7224673,1.4525806,-2.0804033,-0.10399803,0.054518636,-0.46280348,0.11483166,1.2173134,-1.0234591,-1.2807983,-1.3522336,-1.8302948,1.2656791,1.2909491,-0.18672587,0.6348059,0.14740929,0.98018193,-0.1498384,0.06980469,0.14030506,-0.12563019,1.5838988,-0.5607471,-0.8998876,-0.2939648
1.7677788,-1.6462005,1.8465574,-0.04298506,-3.0856311,2.6805727,-3.6137545,-0.08994958,-0.04577529,-0.82474697,0.06347549,2.3232388,-1.9887048,-2.2785027,-2.1687083,-3.208984,2.380553,2.421558,-0.25847772,1.1373799,-0.5660453,1.7562425,-0.16061018,-0.035414137,0.19918199,-0.114023335,2.8197567,-1.4544868,-1.2421203,-0.7269847
0.36470333,-0.35818866,0.8449087,0.2737256,-1.4555763,1.1952627,-1.7928646,0.03997351,0.65531796,-0.77432615,0.0116899945,1.0053244,-0.86726296,-1.3227115,-1.5734406,-1.627134,1.0722483,1.0873032,-0.5958231,0.92120284,1.0628234,1.1855618,0.012879805,-0.035540044,0.559364,0.023832936,1.4194198,0.075185366,-1.297356,-0.2475007
-1.0980039,0.9447162,-0.272811,-0.15707593,0.51634836,-0.60632706,0.30914664,-0.32851386,0.21675195,-0.4465317,0.41074467,-0.5230384,0.40758204,-1.0066975,-1.7895652,-0.02123499,-0.42354977,-0.45492887,-0.14607897,0.6963646,1.7339375,1.17774,-0.37460065,0.42049086,0.10500975,-0.38147277,0.024978638,1.0871153,-1.2174854,0.52587044
-0.3509158,0.22930288,0.8370801,0.5170146,-1.2673115,0.86999357,-1.7830887,-0.019989945,1.4190661,-1.6643356,0.13951439,0.7619276,-0.72786903,-2.4366145,-3.73393,-1.8836489,0.927939,0.9106585,-1.2716888,2.0234642,2.9290168,2.6220827,-0.09542845,0.059918266,1.1973315,-0.06948797,1.6714042,0.980783,-3.1933312,-0.031864047
0.7999462,-0.7562063,1.3439152,0.09290208,-2.4022474,1.9398861,-3.0052772,-0.014495319,0.28648415,-0.7922205,0.054420028,1.6325645,-1.3925849,-1.9362843,-2.0099237,-2.6944454,1.7298198,1.7577128,-0.40580216,1.0440068,0.42686185,1.5548338,-0.075168006,0.0085267695,0.36051744,-0.05248549,2.3080006,-0.50236195,-1.2971256,-0.50495315
-0.26214916,0.16674942,0.4590385,-0.09527367,-0.6833166,0.39772737,-1.1596074,-0.21758407,0.0499195,-0.767847,0.23782682,0.34596717,-0.3626523,-1.6700944,-2.3571107,-1.2593806,0.46165472,0.44756687,-0.28094044,1.0771159,0.6968744,1.6523471,-0.3019097,0.18109757,0.22310093,-0.26435745,1.0716976,0.27377898,-1.5860362,-0.046178937
0.5411484,-0.48361138,0.73987436,0.12090038,-1.3911206,1.1414056,-1.7464156,-0.026688203,0.32826358,-0.52428734,0.056063704,0.93914306,-0.7869734,-1.0793343,-1.2270287,-1.5274456,0.9850655,1.0076863,-0.34487292,0.6543691,0.40946126,0.9031016,-0.06340454,0.012464723,0.30983275,-0.046058796,1.2960718,-0.26723742,-0.920381,-0.22961707
-0.09193641,0.018030822,0.54243886,-0.10975144,-0.8916348,0.59989583,-1.3483107,-0.20326498,-0.019106418,-0.6400609,0.21127975,0.5028126,-0.4752336,-1.5509477,-2.0338168,-1.363102,0.60624653,0.6002174,-0.20410071,0.9128576,0.43226516,1.43577,-0.2766388,0.15482473,0.15221423,-0.24168086,1.156198,0.074995816,-1.3106233,-0.108080775
1.0233243,-0.877868,0.6622671,-0.41105473,-1.3029106,1.1152314,-1.6310506,-0.2035037,-0.69989645,0.13409792,0.17778768,0.9185182,-0.7510264,-0.6719561,-0.39679584,-1.3778148,0.922012,0.9533618,0.3882233,-0.014504872,-1.4287283,0.27906364,-0.2482297,0.18734978,-0.41482738,-0.23148866,1.138141,-1.2503368,0.13645524,-0.33342373
0.40578955,-0.39056846,0.8214458,0.22493665,-1.4440522,1.1816297,-1.7862625,0.0025655897,0.6127918,-0.7285223,0.054503243,0.9883797,-0.8466046,-1.30767,-1.5971051,-1.620126,1.0550753,1.0704901,-0.55935705,0.88113475,1.0134927,1.1592288,-0.026710007,0.018593043,0.52029395,-0.017880019,1.4085046,0.008561831,-1.314429,-0.22609857
-0.21268862,0.09656829,0.82567275,0.26567182,-1.3266073,0.9244212,-1.8742428,-0.10707202,0.8765507,-1.3123821,0.1787751,0.7924421,-0.73703,-2.26761,-3.3093014,-1.9195704,0.9468102,0.93461764,-0.86040545,1.66963,2.0640473,2.3005662,-0.19611053,0.097200215,0.7870426,-0.15795767,1.6769329,0.6516262,-2.6399019,-0.06831828
0.82909083,-0.7816704,1.3738023,0.0834447,-2.4648428,1.988662,-3.0848937,-0.020945905,0.2772753,-0.8002153,0.060966905,1.6724919,-1.4248227,-1.9774517,-2.0544264,-2.7632933,1.7719201,1.8007028,-0.4024196,1.0594189,0.40543026,1.5856906,-0.083871216,0.015171019,0.3561303,-0.060501225,2.36483,-0.5326276,-1.3191624,-0.5162948
-0.11703944,0.044574082,0.59294367,0.05181478,-1.0386428,0.69579554,-1.5526286,-0.19394693,0.32877758,-0.9212867,0.21834323,0.57440895,-0.52760726,-1.7897823,-2.5490806,-1.5442381,0.69150335,0.6866812,-0.47172862,1.227176,1.0720872,1.7811282,-0.2718714,0.1373227,0.40745622,-0.23138312,1.3078667,0.3275634,-1.8443484,-0.026942968
0.8141426,-0.7686496,1.3611428,0.087791756,-2.4385204,1.9671677,-3.0527112,-0.017752383,0.27944377,-0.7978151,0.05717531,1.6548523,-1.41073,-1.9629517,-2.0394573,-2.7359638,1.7537543,1.7820703,-0.40365157,1.0544776,0.41480836,1.5754371,-0.07982342,0.011142821,0.3577762,-0.05654354,2.3421392,-0.51714563,-1.311152,-0.51133096
0.021756232,-0.03149122,0.48394403,0.22024193,-0.85041773,0.58510745,-1.2450049,-0.10039832,0.73953116,-0.97692466,0.16452155,0.4788959,-0.4350658,-1.5289712,-2.4035866,-1.2444906,0.571961,0.5691032,-0.6968533,1.2185435,1.4482815,1.6394217,-0.16396433,0.1063668,0.63889885,-0.13784274,1.0618852,0.26241022,-1.9870305,0.002163589
1.3771924,-1.2300147,1.2179761,-0.010794833,-2.1842647,1.8884189,-2.5650365,-0.08172643,0.17631318,-0.5871474,0.106616616,1.595774,-1.3352312,-1.5011984,-1.6514894,-2.2317739,1.6324462,1.6687998,-0.28854427,0.7880285,0.07582457,1.1859138,-0.14214917,0.065878786,0.23039997,-0.113537766,1.9377279,-1.0240471,-1.1733848,-0.41641545
-2.6067877,2.3253741,-1.8130872,-0.20845687,3.4513774,-3.2035902,3.502754,-0.247107,-0.010381752,-0.15455163,0.33559665,-2.7095237,2.1713095,0.0616107,-1.2879953,2.581058,-2.6200325,-2.709344,0.03522913,0.3333316,1.6901188,0.65774107,-0.3087569,0.40851074,-0.061188847,-0.3210766,-2.2594974,1.9168981,-0.8391713,0.97912794
0.70940304,-0.65787935,1.0847077,0.0397535,-1.988582,1.6052648,-2.5093637,-0.03473358,0.18078242,-0.58993745,0.06368026,1.3384409,-1.1339166,-1.5361109,-1.5774893,-2.2282062,1.4143319,1.4408653,-0.28122106,0.7911197,0.20986669,1.2040601,-0.087692715,0.026258707,0.24259886,-0.06750859,1.8922875,-0.4792559,-0.993622,-0.41025847
-0.20811987,0.16197938,0.24823877,0.09615378,-0.40659547,0.22076309,-0.7342813,-0.12243775,0.39397043,-0.71372294,0.15994677,0.1737051,-0.18430376,-1.1776793,-1.871027,-0.7965671,0.25079507,0.24343342,-0.44646874,0.91608375,0.98205924,1.27539,-0.1752387,0.10965276,0.39974797,-0.15151626,0.66790736,0.31171283,-1.4538186,0.047299623
0.6864886,-0.6044648,0.5445553,-0.20197639,-1.0885112,0.927873,-1.3575737,-0.17681114,-0.30604425,-0.09139426,0.16117804,0.7543813,-0.6142391,-0.688667,-0.64320195,-1.1490419,0.768164,0.7920212,0.122648984,0.20361789,-0.51026523,0.44256467,-0.21305293,0.13107972,-0.15622883,-0.19187751,0.96016765,-0.6663518,-0.2622603,-0.1565539
0.20636553,-0.1876123,0.62320614,0.36425748,-0.9878824,0.7157035,-1.3664162,-0.029897064,1.0953927,-1.2796564,0.12764746,0.61532485,-0.57125676,-1.8014989,-2.9806921,-1.4065173,0.7182298,0.71232486,-1.0086045,1.5560114,1.9184144,2.0101812,-0.095956266,0.08442533,0.93944204,-0.07490061,1.2318798,0.23828173,-2.586444,-0.063539445
2.2174704,-1.9698648,1.6546104,-0.47592846,-2.9091766,2.5803282,-3.3728783,-0.25778034,-0.7948801,-0.16183765,0.20668069,2.2139354,-1.8504168,-1.6708115,-1.2074997,-2.905555,2.2210677,2.2748954,0.3576261,0.4203545,-1.9946183,0.990478,-0.33071432,0.16903986,-0.40588522,-0.29335383,2.5172203,-2.229526,-0.25012624,-0.719508
0.81473994,-0.76905006,1.3634753,0.08819039,-2.444219,1.9714717,-3.0597322,-0.018866604,0.28379843,-0.80093485,0.059006833,1.6582017,-1.413237,-1.9675776,-2.0466053,-2.741993,1.7574289,1.785793,-0.40635467,1.0582539,0.42135102,1.5803301,-0.08096195,0.012923995,0.36037636,-0.057828303,2.3471599,-0.51659006,-1.3179046,-0.51042074
0.20636553,-0.18761224,0.62320614,0.36425748,-0.9878824,0.7157035,-1.3664162,-0.02989706,1.0953927,-1.2796564,0.12764746,0.61532485,-0.57125676,-1.8014989,-2.9806921,-1.4065173,0.7182298,0.71232474,-1.0086045,1.5560114,1.9184144,2.0101812,-0.095956266,0.08442533,0.93944204,-0.074900605,1.2318798,0.23828173,-2.586444,-0.063539445
1.1826907,-1.0451864,1.1026891,-0.15175962,-2.0091803,1.7100966,-2.4477065,-0.13162103,-0.14738025,-0.3764593,0.14296739,1.4393942,-1.2020096,-1.365522,-1.2730137,-2.138241,1.4727323,1.5086179,-0.04284111,0.57490337,-0.6821095,0.98927987,-0.18481795,0.11718696,0.004406644,-0.16564257,1.8248321,-1.0789245,-0.64164984,-0.44441098
-0.2178281,0.14005256,0.46473968,0.03479241,-0.8243586,0.508865,-1.3089447,-0.21394458,0.33154112,-0.9016272,0.24466941,0.41560078,-0.39153922,-1.7044142,-2.5956488,-1.351541,0.5325065,0.52360797,-0.46838105,1.2054635,1.1780365,1.7497345,-0.29898438,0.16896617,0.4011728,-0.25668007,1.1411246,0.37368768,-1.9359205,0.053381175
0.7887594,-0.74738467,1.348819,0.100838564,-2.411086,1.9451911,-3.0171607,-0.013315486,0.3051415,-0.8080722,0.054295726,1.6368583,-1.3964076,-1.95403,-2.0375707,-2.706531,1.7356691,1.7633178,-0.41974106,1.0619407,0.46588856,1.5756584,-0.07385586,0.0072295554,0.37416837,-0.051206455,2.3188896,-0.48122948,-1.3241348,-0.5021766
1.7677788,-1.6462005,1.8465574,-0.04298506,-3.0856311,2.6805727,-3.6137545,-0.08994958,-0.04577529,-0.82474697,0.06347549,2.3232388,-1.9887048,-2.2785027,-2.1687083,-3.208984,2.380553,2.421558,-0.25847772,1.1373799,-0.5660453,1.7562425,-0.16061018,-0.035414137,0.19918199,-0.114023335,2.8197567,-1.4544868,-1.2421203,-0.7269847
1.1872933,-1.0205802,0.97775555,0.18161574,-1.7676162,1.5107706,-2.1022444,0.008240573,0.5423216,-0.7295446,0.040654153,1.2676897,-1.0653657,-1.2947248,-1.6769923,-1.8292229,1.3028657,1.331752,-0.5616489,0.88376904,0.44377422,1.162949,-0.03656284,0.015100606,0.5101671,-0.01854064,1.5753419,-0.7962614,-1.3839356,-0.3687104
0.54255325,-0.49821866,0.82326794,0.25646588,-1.4466581,1.2024807,-1.7653971,0.023722302,0.62929595,-0.7717308,0.027589682,1.0081329,-0.8606787,-1.2817681,-1.6496469,-1.5912004,1.0650326,1.0826005,-0.6052473,0.92310786,0.89320445,1.1875542,-0.006000664,-0.011430252,0.5642053,0.0059305336,1.3832668,-0.12993366,-1.3694293,-0.23940416
0.6013732,-0.576359,1.027475,0.065736875,-1.8239267,1.506753,-2.2263157,-0.09856546,0.41575393,-0.68000937,0.1473556,1.268115,-1.07573,-1.5454078,-1.721459,-2.006542,1.3405218,1.3624098,-0.40033603,0.8818325,0.8366299,1.2735367,-0.13597502,0.10751254,0.3561691,-0.12463366,1.7467213,-0.15983045,-1.2662494,-0.2719275
0.56917536,-0.52838826,0.7611127,-0.08753664,-1.3980494,1.1655571,-1.7242405,-0.13675715,0.05273505,-0.32981256,0.16124885,0.9694723,-0.8135436,-1.056121,-1.0484025,-1.5210074,1.0132868,1.0348539,-0.10860268,0.47032112,0.2299743,0.7644421,-0.1692567,0.13657735,0.07311627,-0.15847467,1.3073031,-0.33823615,-0.6716274,-0.22029239
-0.076897204,-0.032624662,0.8894154,0.09558164,-1.4027923,1.0095402,-1.9374932,-0.20739907,0.58565634,-1.2049237,0.26277494,0.8727305,-0.8094531,-2.2905288,-3.1894524,-1.9637973,1.0203935,1.0097523,-0.67118376,1.5799379,1.8412844,2.2593548,-0.29379547,0.17927831,0.59368145,-0.25498363,1.7249995,0.51524115,-2.404326,-0.0941301
0.67340124,-0.63399667,1.0551753,-0.008700535,-1.9452612,1.5744944,-2.4504998,-0.06329718,0.088145435,-0.53640527,0.07973892,1.3100148,-1.1059294,-1.5022117,-1.5350981,-2.1757715,1.3833811,1.4098518,-0.2150955,0.7409514,0.09872906,1.1611352,-0.11513691,0.041678216,0.17710932,-0.0933301,1.8489044,-0.47208762,-0.9321491,-0.38906664
0.84468967,-0.7985407,1.1744852,-0.0482801,-2.163776,1.7882473,-2.6394637,-0.17073455,0.15060309,-0.64360464,0.18951447,1.4955337,-1.2504442,-1.7202848,-1.8931651,-2.3426573,1.5702863,1.5983284,-0.25959444,0.8934494,0.44935212,1.3828597,-0.22851633,0.130717,0.20422569,-0.20088091,2.020817,-0.4752972,-1.2544893,-0.2927199
0.7439517,-0.69190997,1.1167179,0.01686518,-2.028572,1.642858,-2.5549529,-0.0331348,0.11776064,-0.5849701,0.05975692,1.3739558,-1.1663842,-1.5718126,-1.5964158,-2.27438,1.4493698,1.4761388,-0.2566364,0.79306215,0.11225365,1.2231973,-0.08763059,0.026193863,0.2171906,-0.067173965,1.9345843,-0.54871434,-0.9726526,-0.44285417
-0.2065574,0.121521056,0.5343338,0.1166261,-0.8692244,0.57346296,-1.3246208,-0.13284475,0.4151826,-0.92273146,0.16500407,0.48149526,-0.4596672,-1.6711549,-2.4045365,-1.3585489,0.59215766,0.58445096,-0.5309505,1.1992958,1.0990406,1.696066,-0.20033012,0.09447853,0.4749911,-0.16700813,1.1601927,0.37632704,-1.7787155,-0.04776746
0.73867357,-0.64001,0.5397655,-0.18939704,-1.1474025,0.96597946,-1.4389662,-0.19392312,-0.28612426,-0.12953565,0.18007474,0.77328646,-0.6177378,-0.7082882,-0.74757785,-1.1981025,0.7870944,0.813057,0.08556855,0.24661894,-0.5443968,0.48861393,-0.2367147,0.14204635,-0.12521158,-0.21094285,0.98830473,-0.8015351,-0.36866364,-0.13790712
0.010581374,0.0072419643,0.12439573,-0.22857788,-0.46137226,0.18422937,-0.93532753,-0.28612816,-0.1642937,-0.4769709,0.31789774,0.09762728,-0.07720697,-1.2355332,-2.037376,-0.940817,0.18346584,0.17968857,-0.07314488,0.7473396,0.22678053,1.2735056,-0.3850251,0.29715365,0.0046563605,-0.34919018,0.72012746,-0.20270085,-1.3008205,0.16005495
0.81820387,-0.77051324,1.351035,0.08167062,-2.4253044,1.9572716,-3.0356636,-0.020439077,0.27077773,-0.78450567,0.059685875,1.645677,-1.4016814,-1.9429903,-2.0163348,-2.718482,1.7432501,1.7716786,-0.39426586,1.0387661,0.3934965,1.5555578,-0.08209799,0.014910569,0.34875974,-0.059214428,2.3261209,-0.52743435,-1.2933885,-0.5071604
0.3498476,-0.369289,1.1019557,0.33858487,-1.9701604,1.5790728,-2.4387267,0.015909817,0.875044,-1.022052,0.056352966,1.3199568,-1.1251488,-1.8222878,-2.228428,-2.2222843,1.4241388,1.4414542,-0.773565,1.2390516,1.6229922,1.6325797,-0.023240209,-0.0016270289,0.7245387,-0.009251602,1.9332678,0.24819255,-1.8284416,-0.25364268
1.1033683,-0.99041855,1.0384643,-0.16620907,-1.9586376,1.6632519,-2.3582187,-0.16729996,-0.11345179,-0.32604876,0.16926071,1.3838844,-1.1422398,-1.2736111,-1.2542669,-2.0348299,1.4221576,1.4566704,-0.023701265,0.5105778,-0.25921518,0.89393675,-0.22097974,0.13413553,-0.02285724,-0.19576173,1.7409941,-0.86601734,-0.72644573,-0.33283204
0.93939567,-0.85788405,1.2580314,0.0019894638,-2.2792056,1.8552682,-2.8521407,-0.041217677,0.105250984,-0.6345521,0.07091668,1.556788,-1.3201317,-1.7298719,-1.7538986,-2.5301805,1.6351047,1.6656941,-0.26507878,0.86748564,0.003130097,1.349626,-0.10313714,0.03611309,0.2219989,-0.08053868,2.153623,-0.74052274,-1.0523179,-0.51264024
1.0299757,-0.92262036,1.2313352,-0.07139274,-2.2926588,1.8637468,-2.8761277,-0.059900053,-0.034981083,-0.5026535,0.082716204,1.5539626,-1.306036,-1.6090016,-1.5592662,-2.5224266,1.6255556,1.6592216,-0.1491015,0.7214215,-0.30402863,1.1869054,-0.123898916,0.059262354,0.10785502,-0.10145455,2.1290216,-0.8981507,-0.8542536,-0.5231251
0.8113279,-0.7656057,1.3550968,0.086091936,-2.4298997,1.9597394,-3.0427964,-0.018920237,0.27824444,-0.7937048,0.058608413,1.6480854,-1.4045902,-1.9549308,-2.0315826,-2.7265797,1.7466676,1.7749326,-0.401312,1.0494335,0.41184062,1.568709,-0.08079993,0.012964919,0.35556677,-0.057742447,2.3335388,-0.5166496,-1.3057964,-0.5084496
0.75722826,-0.65529877,0.58478427,-0.2660832,-1.2539483,1.033863,-1.6054138,-0.2083196,-0.4208186,-0.05372528,0.18717264,0.82647103,-0.6616497,-0.754732,-0.70479125,-1.3454688,0.84676456,0.8752287,0.19309145,0.1849526,-0.7840412,0.4690469,-0.25552008,0.15941146,-0.22860391,-0.23065919,1.1011529,-0.83806896,-0.23555034,-0.18584156
0.8125611,-0.7668074,1.3574587,0.08815098,-2.4325066,1.9625878,-3.0446956,-0.018088505,0.2816785,-0.79666215,0.05795106,1.650822,-1.4070879,-1.9575366,-2.0348039,-2.7284818,1.7494321,1.7776839,-0.4041649,1.0524834,0.4170864,1.5716938,-0.07982899,0.01201188,0.3584368,-0.056796074,2.335758,-0.51603466,-1.3095733,-0.508681
0.81930244,-0.76780504,1.3183124,0.066857494,-2.3703425,1.9129267,-2.9713206,-0.023120653,0.23878075,-0.7520091,0.06063085,1.6072124,-1.3686484,-1.8902528,-1.9546567,-2.6580563,1.7014384,1.7297238,-0.36821505,1.0006295,0.3291931,1.5078722,-0.08441874,0.018268378,0.32345957,-0.06184859,2.2717037,-0.5503013,-1.2392459,-0.50301516
0.4577439,-0.42118195,0.5754313,-0.05494736,-1.058009,0.8897011,-1.3205634,-0.10071528,0.03253076,-0.26643658,0.11319689,0.73419183,-0.6174484,-0.8072627,-0.81046414,-1.1593639,0.76403236,0.7826206,-0.08796287,0.37465298,0.10058311,0.594487,-0.12641327,0.08685569,0.059541605,-0.11477036,0.9901446,-0.26676956,-0.514582,-0.1746536
0.8082953,-0.7656668,1.3861994,0.10847994,-2.4791005,1.9987111,-3.1014793,-0.0146387,0.32408106,-0.83973926,0.057223078,1.6823761,-1.4350079,-2.01327,-2.1094556,-2.7826438,1.7844677,1.8126835,-0.4402634,1.101717,0.49213296,1.62996,-0.07688193,0.00783599,0.3933328,-0.05346666,2.38435,-0.4888298,-1.377695,-0.51200765
0.8789676,-0.86553866,1.8307586,0.25277448,-3.2448676,2.5976474,-4.0433936,-0.0004058932,0.6384684,-1.264236,0.06037443,2.1974025,-1.8803247,-2.762013,-2.9982975,-3.655618,2.3457396,2.3771014,-0.73671377,1.6211859,1.089586,2.3173368,-0.077184334,-0.023288423,0.675963,-0.04527903,3.1503167,-0.3613129,-2.0744176,-0.61262965
0.83996063,-0.7941649,1.2278354,-0.15543823,-2.3553715,1.9070582,-2.9307234,-0.2197704,-0.072601534,-0.5525469,0.22425275,1.5786444,-1.3077055,-1.7935818,-1.8768566,-2.5798697,1.6642342,1.6965477,-0.11472256,0.8208023,0.084550515,1.3662589,-0.28655806,0.16776364,0.05990528,-0.2545947,2.1948366,-0.6096161,-1.108577,-0.32322097
0.7872956,-0.7434634,1.3166894,0.0920213,-2.3505464,1.9007931,-2.9388528,-0.012508823,0.27957657,-0.77522653,0.051345598,1.5997893,-1.3648418,-1.8940474,-1.9615892,-2.6347737,1.6942334,1.7217299,-0.39665142,1.0210027,0.41706383,1.5201524,-0.07138422,0.0062413476,0.3524189,-0.04926725,2.2576652,-0.49351585,-1.2633,-0.4950955
1.1872933,-1.0205802,0.97775555,0.18161574,-1.7676162,1.5107706,-2.1022444,0.008240573,0.5423216,-0.7295446,0.040654153,1.2676897,-1.0653657,-1.2947248,-1.6769923,-1.8292229,1.3028657,1.331752,-0.5616489,0.88376904,0.44377422,1.162949,-0.03656284,0.015100606,0.5101671,-0.01854064,1.5753419,-0.7962614,-1.3839356,-0.3687104
1.9224545,-1.6923103,1.693968,-0.3420955,-3.0954914,2.6362793,-3.7183378,-0.2451364,-0.38499054,-0.41908947,0.25216392,2.2322307,-1.8566056,-1.987673,-1.7287241,-3.2349439,2.279261,2.3327742,0.09540198,0.7151305,-1.237975,1.3538336,-0.3249652,0.22332346,-0.14659326,-0.2969874,2.7701368,-1.8168559,-0.75653553,-0.6713564
1.2500043,-1.1533889,1.291227,-0.118980125,-2.2150846,1.90724,-2.642638,-0.08785605,-0.18862127,-0.45229954,0.07023821,1.6323329,-1.3899266,-1.564636,-1.4133952,-2.3348577,1.6756512,1.7074733,-0.05925043,0.6702368,-0.63716674,1.1236562,-0.14216371,0.022133071,0.017459277,-0.11245025,2.0274663,-1.1135868,-0.713327,-0.54220784
1.0299757,-0.92262036,1.2313352,-0.07139274,-2.2926588,1.8637468,-2.8761277,-0.059900053,-0.034981083,-0.5026535,0.082716204,1.5539626,-1.306036,-1.6090016,-1.5592662,-2.5224266,1.6255556,1.6592216,-0.1491015,0.7214215,-0.30402863,1.1869054,-0.123898916,0.059262354,0.10785502,-0.10145455,2.1290216,-0.8981507,-0.8542536,-0.5231251
0.38534093,-0.378688,0.8638905,0.27875525,-1.5052575,1.2350326,-1.8494709,0.02467078,0.6871707,-0.8073744,0.03296154,1.0365646,-0.8890501,-1.3795363,-1.7095133,-1.684226,1.1067908,1.122351,-0.6330075,0.96634275,1.09846,1.2482227,-0.0030752802,-0.009212647,0.59343404,0.006461074,1.4696786,0.06905122,-1.4205898,-0.23118012
-0.274517,0.14407343,0.8355386,0.3754012,-1.3037809,0.9213526,-1.8204356,-0.054756038,1.0322177,-1.4236199,0.13059902,0.79514813,-0.7444742,-2.2804217,-3.3550775,-1.874536,0.9462495,0.9338413,-0.9924834,1.7724203,2.2500858,2.3743877,-0.13140377,0.040670365,0.9229799,-0.09748088,1.6494113,0.7843934,-2.712486,-0.077564895
0.8153712,-0.7694219,1.3636544,0.0866099,-2.4460187,1.9725065,-3.0623956,-0.019732365,0.28220296,-0.79983515,0.059840128,1.6587528,-1.4134582,-1.968245,-2.0479445,-2.744223,1.7581363,1.7865399,-0.40497655,1.0574998,0.41879082,1.5803592,-0.08192567,0.014035665,0.3589889,-0.05881337,2.3487482,-0.5180714,-1.3182222,-0.5103125
-0.28318036,0.16067189,0.67940414,0.076840274,-1.0711142,0.707584,-1.5921426,-0.19926137,0.4613155,-1.0881208,0.24793935,0.6088916,-0.5842446,-2.0589855,-2.967528,-1.6642175,0.75271994,0.7384132,-0.597908,1.4331235,1.5984468,2.0584235,-0.28561637,0.17309365,0.5263555,-0.24609351,1.445839,0.5423224,-2.2271798,-0.032023758
1.7677788,-1.6462005,1.8465574,-0.04298506,-3.0856311,2.6805727,-3.6137545,-0.08994958,-0.04577529,-0.82474697,0.06347549,2.3232388,-1.9887048,-2.2785027,-2.1687083,-3.208984,2.380553,2.421558,-0.25847772,1.1373799,-0.5660453,1.7562425,-0.16061018,-0.035414137,0.19918199,-0.114023335,2.8197567,-1.4544868,-1.2421203,-0.7269847
0.53434026,-0.4916057,0.76791847,-0.070547335,-1.5428035,1.239086,-1.9724095,-0.13485052,-0.040187504,-0.37702435,0.13697116,1.0039786,-0.823398,-1.1531593,-1.2470893,-1.7167106,1.0580597,1.083945,-0.105379954,0.54667944,-0.045420695,0.8873115,-0.18236212,0.094676435,0.066828944,-0.15828636,1.4350035,-0.42270392,-0.7411486,-0.21469174
-0.25724667,0.1654185,0.5884062,0.09529719,-1.0150088,0.6643193,-1.5370477,-0.19247833,0.46711823,-0.99978024,0.23250568,0.5519146,-0.51344895,-1.8574367,-2.690398,-1.5575662,0.67801046,0.6716749,-0.55357987,1.3140517,1.3213072,1.8775886,-0.27062088,0.15291783,0.49225053,-0.23305953,1.3243884,0.49430692,-1.9957806,-0.00033196807
0.55679804,-0.578747,1.492924,0.27611783,-2.6879969,2.1640086,-3.3175375,-0.061223224,0.78800344,-1.1686255,0.12078725,1.8200496,-1.5420142,-2.3617706,-2.703547,-3.0008817,1.9466584,1.9739017,-0.74547833,1.4731631,1.5226443,2.0413115,-0.11683997,0.032456957,0.68844044,-0.091417715,2.6022034,0.13013318,-2.0279665,-0.34386677
-0.20526206,0.09287429,0.8048136,0.3603325,-1.2289087,0.8670441,-1.7145882,-0.0683268,1.056282,-1.4454298,0.15531293,0.75517285,-0.7138308,-2.2781534,-3.4578204,-1.7941637,0.90322644,0.8895434,-1.0126833,1.8010386,2.3842971,2.4120507,-0.15176564,0.07112303,0.93498766,-0.11685908,1.5881335,0.7466402,-2.8485227,-0.044985235
0.8141426,-0.7686496,1.3611428,0.087791756,-2.4385204,1.9671677,-3.0527112,-0.017752383,0.27944377,-0.7978151,0.05717531,1.6548523,-1.41073,-1.9629517,-2.0394573,-2.7359638,1.7537543,1.7820703,-0.40365157,1.0544776,0.41480836,1.5754371,-0.07982342,0.011142821,0.3577762,-0.05654354,2.3421392,-0.51714563,-1.311152,-0.51133096
0.5553043,-0.5703994,1.4464259,0.14073093,-2.661735,2.0926204,-3.3730476,-0.026240854,0.43797386,-0.94735545,0.073166065,1.7447957,-1.4791588,-2.2571573,-2.4419687,-3.0424,1.8779615,1.9041183,-0.50963026,1.247981,0.9377928,1.8516766,-0.09267449,0.016773297,0.46031058,-0.06774268,2.5981083,-0.15722223,-1.632135,-0.4608308
0.21291769,-0.19191569,0.6099063,0.351019,-0.9825078,0.7153827,-1.3535172,-0.030439595,1.0612062,-1.229748,0.12424195,0.6103126,-0.5620589,-1.7429463,-2.864423,-1.3800218,0.70914227,0.7046261,-0.97130895,1.4956636,1.8519508,1.9357116,-0.09170608,0.08290173,0.90457106,-0.072472155,1.20603,0.22708231,-2.4795613,-0.061963677
-0.2336666,0.11974889,0.748808,0.26611227,-1.1825919,0.8199444,-1.6914738,-0.0791357,0.8121282,-1.2204494,0.14157231,0.70377994,-0.6620036,-2.084334,-3.0186338,-1.7387552,0.84417,0.83297455,-0.80546635,1.5463018,1.8504813,2.1217818,-0.1573841,0.06419133,0.7402907,-0.123040915,1.5171905,0.6217711,-2.3939404,-0.08051759
0.8603487,-0.79076236,1.2207885,0.024574894,-2.2029438,1.7884916,-2.7620323,-0.031022195,0.14809407,-0.6474694,0.06392689,1.5010623,-1.2756585,-1.7066869,-1.7436614,-2.4585433,1.5806617,1.6093798,-0.2899499,0.87504697,0.11824614,1.3446168,-0.09009164,0.02929792,0.24779777,-0.06905411,2.095248,-0.6452221,-1.0688187,-0.48965943
0.7872956,-0.7434634,1.3166894,0.0920213,-2.3505464,1.9007931,-2.9388528,-0.012508823,0.27957657,-0.77522653,0.051345598,1.5997893,-1.3648418,-1.8940474,-1.9615892,-2.6347737,1.6942334,1.7217299,-0.39665142,1.0210027,0.41706383,1.5201524,-0.07138422,0.0062413476,0.3524189,-0.04926725,2.2576652,-0.49351585,-1.2633,-0.4950955
1.1872933,-1.0205802,0.97775555,0.18161574,-1.7676162,1.5107706,-2.1022444,0.008240573,0.5423216,-0.7295446,0.040654153,1.2676897,-1.0653657,-1.2947248,-1.6769923,-1.8292229,1.3028657,1.331752,-0.5616489,0.88376904,0.44377422,1.162949,-0.03656284,0.015100606,0.5101671,-0.01854064,1.5753419,-0.7962614,-1.3839356,-0.3687104
0.8626861,-0.81727016,1.4581522,0.09582699,-2.6226153,2.1118705,-3.2799273,-0.017957697,0.300726,-0.8531722,0.057386905,1.776246,-1.5118606,-2.0994167,-2.185183,-2.9371257,1.8835225,1.9134698,-0.43064952,1.1280679,0.47710836,1.6854478,-0.08432742,0.0065058935,0.38202626,-0.058542278,2.513709,-0.5352496,-1.40697,-0.5423298
0.21291769,-0.19191569,0.6099063,0.351019,-0.9825078,0.7153827,-1.3535172,-0.030439595,1.0612062,-1.229748,0.12424195,0.6103126,-0.5620589,-1.7429463,-2.864423,-1.3800218,0.70914227,0.7046261,-0.97130895,1.4956636,1.8519508,1.9357116,-0.09170608,0.08290173,0.90457106,-0.072472155,1.20603,0.22708231,-2.4795613,-0.061963677
1.7677788,-1.6462005,1.8465574,-0.04298506,-3.0856311,2.6805727,-3.6137545,-0.08994958,-0.04577529,-0.82474697,0.06347549,2.3232388,-1.9887048,-2.2785027,-2.1687083,-3.208984,2.380553,2.421558,-0.25847772,1.1373799,-0.5660453,1.7562425,-0.16061018,-0.035414137,0.19918199,-0.114023335,2.8197567,-1.4544868,-1.2421203,-0.7269847
1.1872933,-1.0205802,0.97775555,0.18161574,-1.7676162,1.5107706,-2.1022444,0.008240573,0.5423216,-0.7295446,0.040654153,1.2676897,-1.0653657,-1.2947248,-1.6769923,-1.8292229,1.3028657,1.331752,-0.5616489,0.88376904,0.44377422,1.162949,-0.03656284,0.015100606,0.5101671,-0.01854064,1.5753419,-0.7962614,-1.3839356,-0.3687104
0.81417453,-0.7686416,1.3607826,0.08768354,-2.4378564,1.9666226,-3.0519612,-0.017768174,0.27921253,-0.797618,0.057173975,1.6543983,-1.4103578,-1.9625193,-2.0389955,-2.7352872,1.7532662,1.7815757,-0.40346637,1.0542364,0.41430742,1.5751129,-0.079834074,0.011143608,0.3575933,-0.05655374,2.3415337,-0.5173814,-1.3107297,-0.5112657
0.80706066,-0.76501703,1.3815403,0.0948216,-2.4745626,1.9938946,-3.09816,-0.01805857,0.30093998,-0.819567,0.059640348,1.6774278,-1.4301792,-2.00115,-2.0875325,-2.7791626,1.7794542,1.8076873,-0.4202261,1.0810686,0.46113622,1.6111981,-0.08075837,0.012657821,0.3738211,-0.057507653,2.3801014,-0.4986041,-1.3520772,-0.5138476
-0.2431935,0.11420196,0.81796587,-0.0019602478,-1.3681852,0.92258084,-1.9864316,-0.26947045,0.385382,-1.1315966,0.31344575,0.7836281,-0.7262094,-2.3206072,-3.2300916,-2.013085,0.94588596,0.933771,-0.5465912,1.5278778,1.6004663,2.2574584,-0.36766368,0.22836605,0.46771774,-0.32265067,1.7354451,0.53353274,-2.3386657,-0.04020971
0.6541357,-0.5577947,0.41445336,-0.19060524,-0.90667856,0.77390003,-1.1519027,-0.1571345,-0.32264426,-0.020328809,0.14022478,0.61222494,-0.48511878,-0.49387476,-0.45369282,-0.9451679,0.6153882,0.63990456,0.14044909,0.10304855,-0.66118073,0.28417304,-0.19125172,0.11639683,-0.17078678,-0.17112587,0.7684152,-0.73313004,-0.15008438,-0.13167572
-0.672217,0.5979991,-0.4619329,-0.1398123,1.12841,-1.0202669,1.1069825,-0.138409,0.058864675,-0.31180552,0.19811791,-0.82757103,0.6101788,-0.5252323,-1.2424079,0.6885828,-0.78611994,-0.82289934,-0.07766991,0.47055736,0.9461605,0.77056193,-0.19043036,0.22076887,0.041316595,-0.18617976,-0.5669142,0.5332338,-0.8372029,0.2459361
0.18756735,-0.1775477,0.6831969,0.40006492,-1.0597149,0.7618922,-1.4690027,-0.029680772,1.1886129,-1.4146702,0.13752638,0.6635691,-0.6221478,-1.9877225,-3.2943478,-1.5311277,0.77925414,0.77070916,-1.1052529,1.7213744,2.1209285,2.222299,-0.10668878,0.08825151,1.0293491,-0.0815056,1.3461348,0.28713334,-2.8586192,-0.070004106
-2.4379838,2.2806745,-2.3656747,-0.5649315,3.9851604,-3.5964732,4.222003,-0.5615807,-0.52575654,0.5053678,0.6223649,-3.1222901,2.6366348,1.0137984,-0.24476887,3.405308,-3.105128,-3.176969,0.5667918,-0.40439767,0.7627607,-0.20631869,-0.60641056,0.7112429,-0.5815937,-0.6287936,-3.0307455,1.3717773,0.0521033,1.4112282
1.1872933,-1.0205802,0.97775555,0.18161574,-1.7676162,1.5107706,-2.1022444,0.008240573,0.5423216,-0.7295446,0.040654153,1.2676897,-1.0653657,-1.2947248,-1.6769923,-1.8292229,1.3028657,1.331752,-0.5616489,0.88376904,0.44377422,1.162949,-0.03656284,0.015100606,0.5101671,-0.01854064,1.5753419,-0.7962614,-1.3839356,-0.3687104
-0.09887475,0.05418402,0.47682214,-0.16860798,-0.7503916,0.45875227,-1.2408721,-0.17544127,-0.08438991,-0.55181146,0.21211797,0.39253294,-0.39452088,-1.4862217,-1.9705448,-1.3022442,0.49615997,0.48842978,-0.1375634,0.8175148,0.30473775,1.347896,-0.2641014,0.19436261,0.0885271,-0.2351887,1.0904061,-0.042871535,-1.2570481,-0.1485402
1.3980554,-1.2284577,0.9686806,-0.49231857,-1.8317403,1.586457,-2.2174866,-0.2775542,-0.8581392,0.07307783,0.22854109,1.3293684,-1.094667,-1.0009612,-0.6735524,-1.8837757,1.3369241,1.3750091,0.4452874,0.10205303,-1.7600712,0.5041326,-0.33494756,0.21394105,-0.48350057,-0.30582708,1.5878253,-1.6222229,0.04685476,-0.4189329
1.7677788,-1.6462005,1.8465574,-0.04298506,-3.0856311,2.6805727,-3.6137545,-0.08994958,-0.04577529,-0.82474697,0.06347549,2.3232388,-1.9887048,-2.2785027,-2.1687083,-3.208984,2.380553,2.421558,-0.25847772,1.1373799,-0.5660453,1.7562425,-0.16061018,-0.035414137,0.19918199,-0.114023335,2.8197567,-1.4544868,-1.2421203,-0.7269847
-1.2929821,1.1309037,-0.46696687,-0.34685004,0.93546367,-1.0684702,0.5809922,-0.33408564,-0.22083734,-0.3479165,0.40278476,-0.91047406,0.68579316,-1.0745932,-1.9784611,0.13521719,-0.7865714,-0.83226514,0.06850372,0.64122295,1.0481454,1.2252269,-0.4320312,0.43314087,-0.11504014,-0.4176482,-0.16091037,0.8670524,-1.1447749,0.38333124
1.3771924,-1.2300147,1.2179761,-0.010794833,-2.1842647,1.8884189,-2.5650365,-0.08172643,0.17631318,-0.5871474,0.106616616,1.595774,-1.3352312,-1.5011984,-1.6514894,-2.2317739,1.6324462,1.6687998,-0.28854427,0.7880285,0.07582457,1.1859138,-0.14214917,0.065878786,0.23039997,-0.113537766,1.9377279,-1.0240471,-1.1733848,-0.41641545
0.22850126,-0.23659825,0.6300448,0.011251263,-1.1345698,0.8234855,-1.58936,-0.1948299,0.28193307,-0.823737,0.22528559,0.6781696,-0.5986764,-1.6419526,-2.3762703,-1.5300264,0.7738338,0.7753646,-0.42661598,1.1023717,0.84374154,1.617774,-0.2758115,0.1585659,0.35882795,-0.2366989,1.3010694,-0.08705443,-1.761962,-0.07335535
-0.15453506,0.073633075,0.61422,0.12516329,-1.0290533,0.68543243,-1.5347548,-0.18170255,0.57947123,-1.0978969,0.2320497,0.57678604,-0.5387919,-1.953458,-2.9325643,-1.5733926,0.70464617,0.69539654,-0.63979405,1.432872,1.5400503,2.0232668,-0.27022687,0.1512444,0.5684426,-0.22960973,1.3515629,0.47114444,-2.2606182,0.008733451
-0.13902938,0.025499582,0.9497949,0.06688782,-1.606166,1.1164638,-2.294846,-0.18588004,0.39350525,-1.1883938,0.22526994,0.94666183,-0.864738,-2.4301867,-3.2877429,-2.2761343,1.1110933,1.1045443,-0.5933498,1.5898286,1.230485,2.3354974,-0.29234794,0.13721855,0.5201668,-0.24355197,1.947503,0.32015377,-2.3301215,-0.17070714
-0.39649075,0.2827435,0.50072885,0.21597722,-0.73600423,0.45501912,-1.1643158,-0.08891978,0.68737674,-1.0423193,0.15000318,0.3948195,-0.4028356,-1.725226,-2.565337,-1.2697356,0.5163436,0.50222665,-0.6903192,1.317721,1.6512771,1.8026127,-0.15248764,0.088638775,0.63720196,-0.12662777,1.105118,0.66761404,-2.0285861,-0.014295459
0.8626861,-0.81727016,1.4581522,0.09582699,-2.6226153,2.1118705,-3.2799273,-0.017957697,0.300726,-0.8531722,0.057386905,1.776246,-1.5118606,-2.0994167,-2.185183,-2.9371257,1.8835225,1.9134698,-0.43064952,1.1280679,0.47710836,1.6854478,-0.08432742,0.0065058935,0.38202626,-0.058542278,2.513709,-0.5352496,-1.40697,-0.5423298
0.5881585,-0.56594884,0.9095336,-0.0043616123,-1.5740191,1.3218663,-1.9075652,-0.11239714,0.22176191,-0.5204171,0.14583178,1.11968,-0.9566028,-1.3052051,-1.3797777,-1.7214923,1.1765509,1.1957078,-0.26580387,0.6900057,0.54478055,1.0236331,-0.14397092,0.11156699,0.2262644,-0.13243665,1.5054462,-0.24179724,-0.9695432,-0.26195276
0.9030146,-0.84599316,1.4345827,0.061224345,-2.597168,2.0909224,-3.2552059,-0.030182138,0.23547193,-0.8066842,0.065538116,1.7557806,-1.4917213,-2.0513008,-2.1255755,-2.906253,1.8591566,1.8899814,-0.38314202,1.0792788,0.34603065,1.6351503,-0.09806811,0.017838271,0.33473855,-0.07162764,2.4807038,-0.6130645,-1.3384215,-0.5444273
0.45089936,-0.43574026,0.85344946,0.013854997,-1.5818868,1.2698503,-2.0184488,-0.06680316,0.13222279,-0.507336,0.08620455,1.0501587,-0.88724494,-1.3004557,-1.3953567,-1.8022684,1.1161239,1.1373545,-0.23241584,0.68552715,0.24951172,1.0422409,-0.10971893,0.04978691,0.19730853,-0.09182127,1.5290948,-0.25776756,-0.88885295,-0.28558376
1.4048226,-1.3149774,1.8270507,-0.21230456,-3.3517494,2.7621167,-4.089179,-0.2310567,-0.1686403,-0.7172527,0.22506164,2.3280764,-1.9477876,-2.471828,-2.4093306,-3.6196837,2.4331024,2.4772382,-0.107518725,1.0821499,-0.30854365,1.835972,-0.31738147,0.15791318,0.046279408,-0.2770973,3.1075132,-1.1263597,-1.3091425,-0.59545815
-0.47711176,0.3142961,0.8962661,0.47756225,-1.373204,0.9442369,-1.9466903,-0.012750087,1.2284448,-1.5761017,0.11140106,0.82097876,-0.78170323,-2.460844,-3.5115008,-2.0201738,0.9922418,0.9769465,-1.1422215,1.9320921,2.5737412,2.5468476,-0.08409404,0.020240013,1.0772585,-0.056698326,1.7769798,1.0100969,-2.8662481,-0.09452224
0.39676186,-0.35939813,0.40822506,-0.032358225,-0.7316616,0.6378274,-0.90402615,-0.069144905,-0.0064798286,-0.18909848,0.08211631,0.523451,-0.4437747,-0.5358132,-0.5576345,-0.78784966,0.5382961,0.55274487,-0.086981274,0.25390786,0.033897992,0.38591075,-0.08716711,0.06545524,0.061975952,-0.07841146,0.67544913,-0.31529447,-0.3703927,-0.14497444
0.8789676,-0.86553866,1.8307586,0.25277448,-3.2448676,2.5976474,-4.0433936,-0.0004058932,0.6384684,-1.264236,0.06037443,2.1974025,-1.8803247,-2.762013,-2.9982975,-3.655618,2.3457396,2.3771014,-0.73671377,1.6211859,1.089586,2.3173368,-0.077184334,-0.023288423,0.675963,-0.04527903,3.1503167,-0.3613129,-2.0744176,-0.61262965
1.7677788,-1.6462005,1.8465574,-0.04298506,-3.0856311,2.6805727,-3.6137545,-0.08994958,-0.04577529,-0.82474697,0.06347549,2.3232388,-1.9887048,-2.2785027,-2.1687083,-3.208984,2.380553,2.421558,-0.25847772,1.1373799,-0.5660453,1.7562425,-0.16061018,-0.035414137,0.19918199,-0.114023335,2.8197567,-1.4544868,-1.2421203,-0.7269847
0.746915,-0.63751525,0.50536394,-0.23978975,-1.1155261,0.93104255,-1.4238598,-0.20090473,-0.3719185,-0.04151344,0.18370758,0.738377,-0.584302,-0.64176637,-0.6189594,-1.1778754,0.7497981,0.77781457,0.17074391,0.15530033,-0.707773,0.39906892,-0.24422848,0.15621772,-0.2054997,-0.22101857,0.95883036,-0.78978294,-0.2215582,-0.14115134
1.4278603,-1.3099467,1.8579985,-0.09302853,-3.4030685,2.7977588,-4.167793,-0.17673393,0.09762679,-0.8585769,0.20601732,2.3578753,-1.9750433,-2.5333066,-2.5465763,-3.6907387,2.4648135,2.5109718,-0.28851345,1.2185656,-0.04850217,1.9546367,-0.26102266,0.14652322,0.22901978,-0.22863309,3.164206,-1.0704427,-1.5086796,-0.62515646
0.88671505,-0.80316675,0.95191395,0.010363577,-1.7787753,1.4962766,-2.1547759,-0.072814316,0.16998604,-0.47544155,0.09090508,1.241645,-1.0317098,-1.2502942,-1.3676758,-1.8753068,1.2879925,1.3164434,-0.24035965,0.63881904,0.20942734,0.96415764,-0.12163388,0.051287595,0.1942779,-0.097792946,1.6089852,-0.6007336,-0.9698174,-0.3001252
1.1872933,-1.0205802,0.97775555,0.18161574,-1.7676162,1.5107706,-2.1022444,0.008240573,0.5423216,-0.7295446,0.040654153,1.2676897,-1.0653657,-1.2947248,-1.6769923,-1.8292229,1.3028657,1.331752,-0.5616489,0.88376904,0.44377422,1.162949,-0.03656284,0.015100606,0.5101671,-0.01854064,1.5753419,-0.7962614,-1.3839356,-0.3687104
-0.098983586,0.0055048466,0.84648573,0.25327757,-1.3847393,0.98300564,-1.9269195,-0.11808669,0.8798674,-1.305537,0.1912702,0.8388907,-0.7694737,-2.2631657,-3.3300102,-1.9527307,0.9887437,0.9792541,-0.8578375,1.6634332,2.063022,2.2956228,-0.20960148,0.11142774,0.78079104,-0.17060322,1.7054921,0.5553429,-2.6745944,-0.06769481
0.737558,-0.6550663,0.7435843,-0.045309097,-1.3773007,1.1587963,-1.7142017,-0.061652355,-0.039652452,-0.32113105,0.067017965,0.96014285,-0.8045281,-0.95920485,-0.96170485,-1.4847041,0.98906344,1.0139004,-0.09914151,0.45279032,-0.2901137,0.72434175,-0.10268474,0.036524624,0.067218244,-0.08358423,1.254858,-0.65760803,-0.55447716,-0.30943656
1.2220953,-1.1104807,1.0965312,-0.16602843,-1.8874806,1.6423893,-2.254615,-0.09292711,-0.30604306,-0.30934167,0.06883618,1.4018136,-1.1916838,-1.2644489,-1.0967301,-1.9726,1.4272504,1.4574912,0.036629472,0.49165055,-0.91236156,0.8774227,-0.14253719,0.03135943,-0.07345326,-0.11549982,1.7035962,-1.1920028,-0.46700236,-0.505895
0.99479246,-0.9289048,1.3872225,0.07368033,-2.4284215,2.035189,-2.9004939,-0.1114112,0.5063432,-0.8409432,0.16829118,1.7300906,-1.4673811,-1.9447335,-2.1182399,-2.603574,1.8127079,1.8419759,-0.49072096,1.0909476,0.8665145,1.5782818,-0.15887158,0.11984783,0.43627355,-0.14346948,2.278728,-0.43706888,-1.556352,-0.4074155
-0.3731464,0.21895838,0.86914504,0.23556197,-1.4425322,0.9779426,-2.0629401,-0.17142755,0.8205774,-1.4133033,0.240574,0.8310951,-0.7682743,-2.4970148,-3.6199088,-2.1064472,1.0060699,0.9922036,-0.87513936,1.815135,2.2505922,2.5292764,-0.2653034,0.14305216,0.79387844,-0.2225515,1.8296865,0.8222431,-2.8119278,-0.017383218
1.9224545,-1.6923103,1.693968,-0.3420955,-3.0954914,2.6362793,-3.7183378,-0.2451364,-0.38499054,-0.41908947,0.25216392,2.2322307,-1.8566056,-1.987673,-1.7287241,-3.2349439,2.279261,2.3327742,0.09540198,0.7151305,-1.237975,1.3538336,-0.3249652,0.22332346,-0.14659326,-0.2969874,2.7701368,-1.8168559,-0.75653553,-0.6713564
0.7630055,-0.65053165,0.50343895,-0.06519512,-0.9928008,0.8707893,-1.2021999,-0.09605391,-0.04627733,-0.17517485,0.10692576,0.7086472,-0.5787444,-0.5612588,-0.5787458,-0.992676,0.7100202,0.7344466,-0.059386488,0.24363352,-0.25669733,0.3868702,-0.12609872,0.08437471,0.02699735,-0.111267336,0.83077943,-0.71248746,-0.38184926,-0.18316792
0.61058515,-0.61348563,1.4403231,0.13500056,-2.6368895,2.0828424,-3.3340502,-0.02500867,0.41667268,-0.93062216,0.07134906,1.7399048,-1.4766163,-2.2185166,-2.3883777,-3.0044258,1.8673645,1.8941072,-0.49886328,1.225095,0.8437217,1.8164785,-0.09116129,0.016155908,0.44973686,-0.06634632,2.5671437,-0.22821507,-1.5911614,-0.47248012
-0.013059378,-0.047314346,0.6655351,0.074420355,-1.1360086,0.7827455,-1.6469011,-0.19573072,0.45229232,-1.0314806,0.23994604,0.65762436,-0.6023179,-1.9287852,-2.8599932,-1.6562164,0.78234273,0.77555597,-0.5757176,1.3582089,1.3080416,1.9458011,-0.28858116,0.16239291,0.50108874,-0.24472407,1.4212145,0.22747391,-2.1859646,-0.03461185
0.84324634,-0.79276437,1.3719639,0.075199604,-2.4654775,1.9883447,-3.0887744,-0.024441432,0.26140645,-0.7912691,0.063644625,1.6717403,-1.4237634,-1.9720185,-2.0457296,-2.7648778,1.770658,1.7996273,-0.3925356,1.050564,0.37094173,1.5778207,-0.08810474,0.018382756,0.34609443,-0.06444495,2.3642628,-0.5557071,-1.3062412,-0.51873857
0.79738283,-0.7260822,1.006535,-0.0989531,-1.8524288,1.5043931,-2.3463814,-0.06326934,-0.09930235,-0.38414496,0.0796991,1.2531604,-1.0604749,-1.339845,-1.2731512,-2.0699596,1.3140888,1.3414748,-0.079714686,0.56729484,-0.27336302,0.9646478,-0.1175858,0.06355124,0.044200655,-0.09885817,1.7473525,-0.72302604,-0.66789,-0.44389027
0.77389014,-0.6742464,0.65917456,-0.25658813,-1.4307245,1.1683401,-1.8237789,-0.2537387,-0.36335835,-0.16291945,0.23538955,0.9335163,-0.7427613,-0.9410887,-0.99285394,-1.5364633,0.963388,0.9935577,0.13195898,0.32738444,-0.59238,0.66558343,-0.307181,0.19318093,-0.17603065,-0.27757862,1.2628876,-0.80521446,-0.46112907,-0.14284465
-0.62479186,0.41406858,0.9588667,0.3317666,-1.4870285,0.99299586,-2.1294456,-0.15986925,1.12014,-1.6372012,0.2568742,0.8656832,-0.82575977,-2.7800326,-3.9701571,-2.233328,1.0674067,1.045798,-1.0697039,2.0712786,2.9812617,2.8332267,-0.24515204,0.15875715,0.98997724,-0.21086168,1.9691545,1.2690115,-3.1549938,-0.004594803
0.56475276,-0.5324378,0.84790266,-0.11965764,-1.5060339,1.2204555,-1.918311,-0.063713536,-0.16228753,-0.291697,0.068973616,1.0217556,-0.8782044,-1.1591135,-1.0422918,-1.7205493,1.0811591,1.1004727,-0.019249883,0.45108,-0.14224827,0.8033755,-0.10470568,0.05933733,-0.008978065,-0.089287885,1.4624972,-0.512416,-0.5029159,-0.37342405
0.81417453,-0.7686416,1.3607826,0.08768354,-2.4378564,1.9666226,-3.0519612,-0.017768174,0.27921253,-0.797618,0.057173975,1.6543983,-1.4103578,-1.9625193,-2.0389955,-2.7352872,1.7532662,1.7815757,-0.40346637,1.0542364,0.41430742,1.5751129,-0.079834074,0.011143608,0.3575933,-0.05655374,2.3415337,-0.5173814,-1.3107297,-0.5112657
0.08892608,-0.113134325,0.567644,0.003142856,-1.044686,0.7226012,-1.527711,-0.20724446,0.2878874,-0.8148959,0.23673968,0.58984625,-0.5246254,-1.6502029,-2.4228022,-1.4961147,0.69380593,0.6926972,-0.4127149,1.1009886,0.909787,1.6264913,-0.29265696,0.16937888,0.34614903,-0.25166532,1.2620889,0.059286594,-1.8016162,-0.024918795
1.1872933,-1.0205802,0.97775555,0.18161574,-1.7676162,1.5107706,-2.1022444,0.008240573,0.5423216,-0.7295446,0.040654153,1.2676897,-1.0653657,-1.2947248,-1.6769923,-1.8292229,1.3028657,1.331752,-0.5616489,0.88376904,0.44377422,1.162949,-0.03656284,0.015100606,0.5101671,-0.01854064,1.5753419,-0.7962614,-1.3839356,-0.3687104
-0.18224233,0.09254509,0.79334176,0.3623388,-1.330974,0.94478714,-1.8473978,-0.07035326,1.074832,-1.3176119,0.15659934,0.79661715,-0.72288364,-2.1157696,-3.0975862,-1.8490908,0.9367474,0.93084234,-0.9591252,1.6307592,2.1536045,2.1749778,-0.1385321,0.08023812,0.8958394,-0.11232212,1.6078008,0.67706645,-2.5530267,-0.054025978
-0.30186427,0.15742236,0.93685496,0.14333974,-1.5513133,1.0645934,-2.2138357,-0.20321628,0.66831136,-1.3415773,0.2679433,0.90856516,-0.83843994,-2.5495048,-3.5589733,-2.239283,1.0853024,1.0739595,-0.7589389,1.7589658,1.9275815,2.5169916,-0.30309036,0.17915797,0.6809826,-0.26073173,1.9377929,0.6909533,-2.662027,-0.07912901
0.56534857,-0.47268766,0.3238095,-0.18811157,-0.748866,0.63682187,-0.97567314,-0.14525352,-0.32379362,0.026106624,0.12894377,0.49395737,-0.38619936,-0.38454768,-0.33542746,-0.7916842,0.49407396,0.51702225,0.16103588,0.042289335,-0.67621726,0.1963096,-0.17556986,0.11125975,-0.18678859,-0.15866855,0.63156974,-0.65476835,-0.06390067,-0.1090516
1.0868343,-0.9679038,0.9617748,-0.036700975,-1.7797115,1.5282391,-2.1192153,-0.08075665,0.081050545,-0.41242582,0.098021135,1.2750921,-1.0584304,-1.1729214,-1.2488917,-1.826453,1.3058609,1.3374015,-0.1803077,0.56600046,-0.006510034,0.8786755,-0.13115855,0.06574915,0.13229665,-0.10745145,1.5709826,-0.83440167,-0.8658473,-0.3258801
1.7677788,-1.6462005,1.8465574,-0.04298506,-3.0856311,2.6805727,-3.6137545,-0.08994958,-0.04577529,-0.82474697,0.06347549,2.3232388,-1.9887048,-2.2785027,-2.1687083,-3.208984,2.380553,2.421558,-0.25847772,1.1373799,-0.5660453,1.7562425,-0.16061018,-0.035414137,0.19918199,-0.114023335,2.8197567,-1.4544868,-1.2421203,-0.7269847
0.16477811,-0.15733147,0.6294408,0.3806756,-0.9875511,0.7145704,-1.3647665,-0.01563047,1.1066239,-1.2809166,0.11199342,0.6149793,-0.57361823,-1.8022506,-2.9408708,-1.4048891,0.7192946,0.712809,-1.0152586,1.552601,1.950685,1.9996101,-0.07671945,0.06880236,0.9474715,-0.0574177,1.2332678,0.29717886,-2.553395,-0.06688529
0.77190155,-0.7329189,1.3399394,0.10896508,-2.391879,1.9309938,-2.9910884,-0.010290615,0.3159259,-0.8117043,0.051534455,1.6252452,-1.3867468,-1.9453835,-2.032312,-2.6851988,1.72357,1.7509038,-0.42701578,1.0637516,0.48980296,1.572688,-0.06988762,0.003941047,0.38179109,-0.047460407,2.3022184,-0.45787442,-1.3266472,-0.4944831
1.3771924,-1.2300147,1.2179761,-0.010794833,-2.1842647,1.8884189,-2.5650365,-0.08172643,0.17631318,-0.5871474,0.106616616,1.595774,-1.3352312,-1.5011984,-1.6514894,-2.2317739,1.6324462,1.6687998,-0.28854427,0.7880285,0.07582457,1.1859138,-0.14214917,0.065878786,0.23039997,-0.113537766,1.9377279,-1.0240471,-1.1733848,-0.41641545
-0.1475575,0.07787031,0.6002823,0.08098812,-1.070136,0.7252406,-1.5821745,-0.1882283,0.41977748,-0.93000364,0.221326,0.5963454,-0.54065853,-1.7722675,-2.5129094,-1.5637805,0.7122745,0.7102446,-0.5051534,1.2266501,1.1502725,1.7646185,-0.261088,0.14176309,0.44668418,-0.22470233,1.322961,0.370204,-1.8332665,-0.025161088
0.8151532,-0.769455,1.3645034,0.08851322,-2.4460852,1.9729812,-3.0619497,-0.018902635,0.28456643,-0.8018509,0.059090495,1.6594881,-1.414311,-1.9691722,-2.0485418,-2.7440128,1.7587991,1.7871788,-0.40704983,1.059373,0.42261216,1.5817884,-0.08103092,0.012948798,0.36104146,-0.05788526,2.3489294,-0.51632786,-1.3195165,-0.5105349
0.8585738,-0.79726094,1.3072538,0.051070027,-2.3547537,1.9046055,-2.950112,-0.027492918,0.20939016,-0.7269295,0.06361693,1.5997267,-1.3607994,-1.8556328,-1.9144558,-2.6330962,1.6900156,1.718925,-0.34536034,0.97271645,0.24743533,1.4754518,-0.08924589,0.023197878,0.30085394,-0.066678494,2.248106,-0.606772,-1.2010671,-0.50762
0.59741163,-0.53107965,0.5452223,-0.0007269881,-0.98801905,0.8572434,-1.1951174,-0.048927017,0.10631711,-0.27517524,0.069564424,0.70915884,-0.59737873,-0.6825315,-0.7582549,-1.0355148,0.7275951,0.74617887,-0.16636315,0.35559148,0.1222503,0.51702434,-0.07252959,0.0551972,0.13578013,-0.06285483,0.88915825,-0.4359156,-0.558601,-0.20624231
0.7811681,-0.742031,1.3503392,0.104412064,-2.4119897,1.9462337,-3.017,-0.011662481,0.31023765,-0.81107575,0.052590854,1.6380069,-1.3976376,-1.9571071,-2.0398228,-2.7074356,1.7371701,1.7647654,-0.4230501,1.0648737,0.4802103,1.5783256,-0.07193771,0.004957891,0.37757236,-0.049274888,2.320541,-0.46954608,-1.3274028,-0.50130326
1.9224545,-1.6923103,1.693968,-0.3420955,-3.0954914,2.6362793,-3.7183378,-0.2451364,-0.38499054,-0.41908947,0.25216392,2.2322307,-1.8566056,-1.987673,-1.7287241,-3.2349439,2.279261,2.3327742,0.09540198,0.7151305,-1.237975,1.3538336,-0.3249652,0.22332346,-0.14659326,-0.2969874,2.7701368,-1.8168559,-0.75653553,-0.6713564
1.1872933,-1.0205802,0.97775555,0.18161574,-1.7676162,1.5107706,-2.1022444,0.008240573,0.5423216,-0.7295446,0.040654153,1.2676897,-1.0653657,-1.2947248,-1.6769923,-1.8292229,1.3028657,1.331752,-0.5616489,0.88376904,0.44377422,1.162949,-0.03656284,0.015100606,0.5101671,-0.01854064,1.5753419,-0.7962614,-1.3839356,-0.3687104
0.8126103,-0.7674548,1.3647563,0.090351686,-2.4461317,1.9729704,-3.061816,-0.01821627,0.2875486,-0.8036359,0.058527578,1.6595435,-1.4144102,-1.9701656,-2.050096,-2.7441692,1.7589766,1.7873207,-0.4092337,1.06106,0.42884845,1.5831063,-0.080268085,0.012151681,0.36322957,-0.057116695,2.3492818,-0.51215196,-1.3220617,-0.510125
1.9224545,-1.6923103,1.693968,-0.3420955,-3.0954914,2.6362793,-3.7183378,-0.2451364,-0.38499054,-0.41908947,0.25216392,2.2322307,-1.8566056,-1.987673,-1.7287241,-3.2349439,2.279261,2.3327742,0.09540198,0.7151305,-1.237975,1.3538336,-0.3249652,0.22332346,-0.14659326,-0.2969874,2.7701368,-1.8168559,-0.75653553,-0.6713564
1.1568271,-1.0725878,1.1667604,-0.18554868,-1.9956045,1.7218884,-2.3836887,-0.119632274,-0.32311323,-0.33691317,0.08924612,1.4739112,-1.2579019,-1.3951011,-1.2075554,-2.1058598,1.5124328,1.5412831,0.037535015,0.53586245,-0.7757599,0.95463073,-0.16805018,0.04772932,-0.076930165,-0.1387303,1.8277755,-1.1120164,-0.53625005,-0.4968235
1.3771924,-1.2300147,1.2179761,-0.010794833,-2.1842647,1.8884189,-2.5650365,-0.08172643,0.17631318,-0.5871474,0.106616616,1.595774,-1.3352312,-1.5011984,-1.6514894,-2.2317739,1.6324462,1.6687998,-0.28854427,0.7880285,0.07582457,1.1859138,-0.14214917,0.065878786,0.23039997,-0.113537766,1.9377279,-1.0240471,-1.1733848,-0.41641545
0.22650975,-0.20267522,0.6248293,0.35766742,-0.99713075,0.72296464,-1.37876,-0.037291303,1.0938497,-1.284751,0.13607453,0.6210396,-0.5747094,-1.8118199,-3.0135581,-1.4179871,0.7239206,0.71833783,-1.0090474,1.5649159,1.9122612,2.0255146,-0.1060181,0.09243971,0.93891835,-0.08401828,1.2404047,0.21268487,-2.6125054,-0.062052906
-0.27520385,0.1966784,0.5761684,0.40557247,-0.903443,0.6055018,-1.3127303,-0.035630584,1.1466887,-1.3032445,0.13048315,0.5148543,-0.49109823,-1.8619342,-2.929648,-1.3825927,0.63869053,0.6270475,-1.0111003,1.5816007,2.2658892,2.0450184,-0.09035796,0.06701904,0.95153767,-0.072364666,1.2148057,0.74821424,-2.5096192,0.017255217
-0.2581445,0.20116764,0.5933963,0.093855195,-1.0967573,0.6382263,-1.7867341,-0.09565346,0.46998253,-1.0992095,0.18125191,0.5171876,-0.48761165,-2.1459782,-3.071003,-1.8160607,0.6711383,0.65977883,-0.5785563,1.4702389,1.2411783,2.182835,-0.19917059,0.15155399,0.51562536,-0.17250809,1.4997581,0.27436942,-2.1065173,-0.06823069
0.8036741,-0.7615464,1.3706524,0.09371355,-2.4531572,1.9789777,-3.0687366,-0.01570502,0.29353464,-0.80696446,0.05626473,1.6651334,-1.4197195,-1.9775921,-2.0518506,-2.7520032,1.765393,1.7936492,-0.41213104,1.0643954,0.45024997,1.58694,-0.077365376,0.009748388,0.36629415,-0.054348543,2.3575165,-0.49690574,-1.3242053,-0.5114223
-0.0019063354,-0.023970068,0.46413517,-0.19762789,-0.7721034,0.49483013,-1.239761,-0.18261093,-0.15813355,-0.44744724,0.21080258,0.41388893,-0.3994608,-1.351724,-1.7310963,-1.2617333,0.5048988,0.50191087,-0.06552966,0.6892674,0.08192998,1.1819957,-0.26426518,0.19585027,0.019922808,-0.23744678,1.0478876,-0.17259479,-1.0455818,-0.15921333
0.102589965,-0.1361171,0.6087686,-0.06537803,-1.0828782,0.7587049,-1.5741708,-0.23086853,0.1482979,-0.7659254,0.25128677,0.62613976,-0.5632717,-1.6691694,-2.3099904,-1.5334578,0.72877914,0.7282695,-0.32108834,1.0587782,0.70600796,1.6080737,-0.31129214,0.18465757,0.25839788,-0.27278748,1.29526,0.014970005,-1.6049142,-0.077990085
1.2710236,-1.1096847,0.8557178,-0.3576888,-1.705552,1.4753976,-2.046984,-0.26561955,-0.5431236,-0.038228016,0.24256672,1.2168097,-0.9833919,-0.919077,-0.777835,-1.7054541,1.2235591,1.2609936,0.2628497,0.1913764,-1.0190864,0.5317392,-0.32086536,0.21366449,-0.30910954,-0.29216552,1.4351468,-1.306268,-0.24750786,-0.27124327
1.3736608,-1.204076,0.9494308,-0.3997358,-1.7387179,1.5230542,-2.0915575,-0.19613054,-0.70304286,0.02947033,0.15764304,1.2829821,-1.0665,-0.9430201,-0.6302426,-1.7837207,1.2860355,1.3227053,0.35485935,0.1274524,-1.5918933,0.4891849,-0.24778675,0.15028292,-0.3868847,-0.22375852,1.5100236,-1.5278788,0.013747606,-0.46733844
1.1872933,-1.0205802,0.97775555,0.18161574,-1.7676162,1.5107706,-2.1022444,0.008240573,0.5423216,-0.7295446,0.040654153,1.2676897,-1.0653657,-1.2947248,-1.6769923,-1.8292229,1.3028657,1.331752,-0.5616489,0.88376904,0.44377422,1.162949,-0.03656284,0.015100606,0.5101671,-0.01854064,1.5753419,-0.7962614,-1.3839356,-0.3687104
0.7812077,-0.73178977,1.2678368,0.07868898,-2.277133,1.8379321,-2.8577318,-0.018211462,0.2524494,-0.7478339,0.05539668,1.5438834,-1.3153585,-1.8351012,-1.9124168,-2.5580363,1.6347692,1.6619875,-0.37555128,0.9887777,0.3591683,1.4784155,-0.077007346,0.012187423,0.33177662,-0.055004444,2.1864748,-0.51179427,-1.222785,-0.47796535
-0.13485229,0.032090247,0.78949845,0.17933904,-1.2695092,0.8999381,-1.789409,-0.12649393,0.6681313,-1.1485193,0.17845881,0.76821125,-0.7122381,-2.0836189,-2.902109,-1.7996001,0.90347594,0.8952271,-0.6922734,1.4802872,1.6554513,2.076387,-0.20264775,0.097676225,0.6266365,-0.16829808,1.564887,0.53240836,-2.2130625,-0.10290223
0.8305866,-0.76589155,1.2265675,0.042150162,-2.2153924,1.7924516,-2.7833831,-0.027582891,0.1811861,-0.68268317,0.0612466,1.5034374,-1.2782373,-1.746314,-1.8046228,-2.4810424,1.5868269,1.6148586,-0.3188737,0.9153256,0.19288865,1.3921174,-0.08681262,0.023283431,0.27609956,-0.06511653,2.114593,-0.60469437,-1.1222279,-0.4802053
0.10411364,-0.111669004,0.47491172,-0.22242787,-0.83753884,0.56529176,-1.2923706,-0.19188745,-0.21664909,-0.37015378,0.2125743,0.46445572,-0.4288656,-1.260534,-1.5515238,-1.2702079,0.5450302,0.5470553,-0.009241179,0.5950566,-0.11800188,1.0614936,-0.26776633,0.19815814,-0.03412369,-0.24243912,1.0478752,-0.30233765,-0.88007355,-0.17359126
0.21604335,-0.15713072,0.42544198,0.32212412,-0.7549449,0.48292685,-1.1511836,-0.033569198,1.0382812,-1.2499299,0.15220128,0.3983041,-0.37026298,-1.7445366,-3.0731118,-1.2091933,0.49981678,0.49036908,-0.9638167,1.5387772,1.860997,2.0250661,-0.11783712,0.13593335,0.8856119,-0.09814127,1.0282055,0.10748845,-2.5792506,0.041656554
0.72132456,-0.60889584,0.43797943,-0.2529461,-1.0021269,0.8414936,-1.2821251,-0.21627693,-0.40426937,-0.0018137246,0.19595893,0.66119134,-0.5169031,-0.5517737,-0.52930313,-1.0483512,0.66724426,0.69430846,0.19767566,0.10529524,-0.74420774,0.3282905,-0.25664732,0.16762792,-0.2318327,-0.2335151,0.84711707,-0.7926085,-0.15776,-0.10270097
1.0200129,-0.97971225,1.8313383,0.005765919,-3.3969417,2.7199202,-4.2329917,-0.15410887,0.3012628,-1.0267385,0.1932885,2.277351,-1.910844,-2.7271647,-2.894575,-3.7828898,2.4190328,2.457992,-0.43954706,1.4130892,0.5901263,2.1894588,-0.23971926,0.12252686,0.37759265,-0.20621057,3.2352214,-0.5803761,-1.8311788,-0.55003893
0.59741163,-0.53107965,0.5452223,-0.0007269881,-0.98801905,0.8572434,-1.1951174,-0.048927017,0.10631711,-0.27517524,0.069564424,0.70915884,-0.59737873,-0.6825315,-0.7582549,-1.0355148,0.7275951,0.74617887,-0.16636315,0.35559148,0.1222503,0.51702434,-0.07252959,0.0551972,0.13578013,-0.06285483,0.88915825,-0.4359156,-0.558601,-0.20624231
0.81463194,-0.76902133,1.3646454,0.08860431,-2.4461868,1.9729499,-3.0621822,-0.018808827,0.2848995,-0.8021289,0.058996517,1.6594648,-1.4143468,-1.969717,-2.0491226,-2.7443666,1.7588527,1.7872148,-0.4072044,1.0597099,0.42344996,1.5822352,-0.0809365,0.012821065,0.36119032,-0.05778106,2.3492637,-0.51582265,-1.3199602,-0.5106911
1.0893935,-0.99775344,1.1365304,-0.1054968,-2.0340402,1.7442516,-2.4122715,-0.15359148,0.0154713495,-0.47274336,0.1666307,1.4736221,-1.2345785,-1.4560274,-1.4822485,-2.1215928,1.5179871,1.5494953,-0.14337848,0.6781931,0.044488166,1.0940043,-0.20383234,0.12564571,0.0942353,-0.18092315,1.8436654,-0.77117765,-0.92914647,-0.347497
0.84687924,-0.82204145,1.6506224,0.19895625,-2.9334044,2.3536627,-3.6603215,-0.004847528,0.5194152,-1.098853,0.05827982,1.9878497,-1.6994431,-2.4622352,-2.6460316,-3.3012877,2.1177359,2.14768,-0.6233525,1.4174838,0.8619104,2.0451531,-0.075564146,-0.012063324,0.5680943,-0.047130067,2.8398318,-0.40636805,-1.8014077,-0.57048005
0.79221916,-0.7416809,1.2929364,0.07240557,-2.3339622,1.8843161,-2.9225059,-0.025160084,0.2676208,-0.73876655,0.0655972,1.5813035,-1.3437488,-1.8524218,-1.9232017,-2.6132793,1.6740851,1.7021613,-0.3736297,0.9803158,0.37337595,1.4727392,-0.08416257,0.026166925,0.32972437,-0.063448414,2.2338562,-0.5121943,-1.2409947,-0.48128867
0.2610572,-0.2265001,0.59037185,0.32136238,-0.97746456,0.7161951,-1.342268,-0.045248725,1.0157884,-1.1785794,0.13649046,0.605646,-0.5504996,-1.6836419,-2.7879753,-1.3551545,0.6989899,0.69644326,-0.9273593,1.4387262,1.7532165,1.8718132,-0.1066927,0.0970011,0.8616706,-0.08752662,1.1787922,0.15698576,-2.4057274,-0.057041943
0.8633994,-0.7721216,0.82373035,-0.23701522,-1.6329476,1.3573749,-2.0349503,-0.21405408,-0.3419743,-0.21139398,0.19746679,1.1133727,-0.91021204,-1.0874882,-1.0528948,-1.744077,1.1477565,1.1786215,0.103497714,0.3849025,-0.6044687,0.7486263,-0.26552323,0.16062894,-0.14529015,-0.23808055,1.462354,-0.86145234,-0.48187694,-0.2487353
-1.6176689,1.3961393,-0.67828476,0.1767864,1.4986523,-1.4780836,1.3815365,-0.15526295,0.78368866,-0.88618845,0.2575673,-1.2272958,0.9250224,-0.95802116,-2.3646488,0.797994,-1.1156852,-1.1749574,-0.6492796,1.1208485,2.5264022,1.496283,-0.2163955,0.24016654,0.60080945,-0.2089048,-0.6622702,1.6254219,-2.0431333,0.5551841
0.8231915,-0.75243604,1.1499887,-0.015564229,-2.1140852,1.7040836,-2.6745126,-0.051527858,0.08663475,-0.5898811,0.08013846,1.4212924,-1.2025381,-1.6351854,-1.6848248,-2.3736467,1.4994621,1.5276538,-0.23620903,0.81549764,0.027196366,1.2831057,-0.111309566,0.050047427,0.19496144,-0.09031768,2.0113068,-0.6551491,-1.0069947,-0.4589197
0.46175915,-0.4265095,0.7062758,0.18801293,-1.2636694,1.0524176,-1.5522106,0.011487171,0.47825336,-0.59786487,0.028868603,0.87465197,-0.742362,-1.0674099,-1.3088242,-1.3853256,0.9216887,0.93889403,-0.4555024,0.72012067,0.7029354,0.9420699,-0.014723281,-0.005036154,0.4204949,-0.004033269,1.197872,-0.12029665,-1.0696564,-0.20819287
